1372.10655762 -131.02239906 -4.02310067 111.78460288 150.54535264 -17.99989876 -79.64038632 -183.75605109 231.43055395 -208.70448181 60.80960040 164.11705696 153.45416501 -65.80277611 239.45244791 91.61452903 -99.84790043 55.72773007 -130.07419446 -152.42611029 14.18082620 -85.15412876 -150.23710546 -31.08307893 -194.03463287 77.96215607 8.67666908 -46.33580881 -91.93146997 -343.42364637 -38.27936528 30.66740471 103.58516976 -455.40267567 -128.35138203 -61.67890721 -194.88028235 -78.45150479 51.18827616 -143.61022896 -43.21021569 -44.14649449 -154.79307861 -130.46041846 -17.12513941 104.32201802 48.02134618 -55.05733899 21.27034446 30.23933802 37.42527382 79.63663132 -59.76375098 13.27066596 60.42465499 5.36269771 -4.90309296 7.18802416 -742.83817217 132.69205282 -14.01804594 -28.76473402 203.94472227 79.50490572 60.82102853 197.64593785 -38.35413121 -2.49493343 98.17254848 -56.50309752 48.38828775 14.77896670 92.57689709 -1.59045241 -56.81186996 52.95838066 63.36762408 85.41627503 -72.55718541 -55.06515590 -68.77910096 34.00502463 31.76765431 -122.44488396 27.17544021 -21.26506735 11.83043840
-131.02239906 3795.02875002 271.70577820 -436.86234008 109.04849419 -461.65947318 354.59473149 -311.62834629 -755.88620028 534.02394750 -665.66053150 329.03509701 92.79467153 232.47261833 -138.33590965 343.75535121 -186.80220930 122.46556462 231.97640262 488.25659045 212.47225787 60.61511765 162.24525619 37.70088544 116.93548784 -328.93600453 12.62075167 -115.01750755 -161.66710158 131.01708223 -1946.15681785 -103.88865980 71.08188973 188.87758026 133.48425528 -215.06112183 51.43355522 320.18579750 -54.86361149 271.17546176 226.93243753 78.02549180 -127.23547896 80.27264366 -395.93258553 79.38983126 2.37450732 -176.79842733 22.51348028 0.33363118 -130.77099116 -1.53936540 -87.19210023 141.84767750 -26.77556272 27.24681871 -10.80219245 -2.94954507 -45.03577255 -1375.23017766 138.40921095 242.81475760 -77.51172599 22.26427479 124.16732505 20.80093217 525.39569109 -410.85919017 -115.08942060 -240.90377619 29.79838977 -316.57042383 -98.17251935 258.50567172 207.10679347 -204.62285662 20.85511040 -17.61269012 29.19786203 26.67401462 113.48681792 -3.44740098 90.75684569 43.47764313 -24.78189143 -61.54717123 -73.96720276
-4.02310067 271.70577820 3357.88786809 -307.96620453 196.01276407 -156.81984249 -405.05937776 240.71966916 185.89149997 149.07737620 470.56711346 114.28799603 809.71442553 23.20109754 -83.16136921 116.32507452 -423.59241601 -13.52965022 -35.99092047 -11.05045326 177.28332877 -93.33935921 228.19030111 32.41005517 22.17922304 106.19624579 41.14115825 -157.84099784 51.12143633 -51.29568654 -160.03334228 -956.07046992 46.70238570 24.96490195 -95.97248632 13.99968023 -372.18711057 10.25980026 -106.09667686 25.01297747 67.55430851 156.05562428 46.22060822 -123.76259359 -146.83959482 107.27063245 -81.60178409 -80.76493237 129.05891169 -7.33660007 -81.50518767 -64.51371566 -46.93858900 20.16544429 -42.48986210 26.11359949 -13.91598859 -39.28136945 -28.08531289 -98.92781048 -1664.04476018 240.32300233 -146.63415646 223.27696579 275.29552268 359.94557660 -87.65434428 -94.73435438 160.00455908 -367.86983764 -80.04556386 -71.57576978 -37.22490987 76.32425309 10.31077567 63.74542021 -98.66875567 -35.94144995 -139.41245788 -63.63433330 160.44806171 84.15204102 45.69045571 9.75110846 -96.31634572 45.05321616 -29.12332724
111.78460288 -436.86234008 -307.96620453 5347.81111322 485.98002989 457.17662678 5.39003009 248.45653910 68.69865472 252.58608566 118.04812829 176.67011692 -444.38424477 -190.34973285 321.37983260 -416.38648738 -90.42378756 -77.37196362 133.44751770 19.49460068 225.16924071 -384.53339159 -208.56686607 -128.85689822 -214.62190225 -31.31846127 -113.05352959 -76.50978498 72.89205427 -147.09977398 417.57784588 -109.00328681 -1326.50179772 -514.97444565 -372.44172846 -518.27492771 156.25275541 -38.05077625 -335.32091274 186.80486457 -145.60987072 -42.59103892 40.88423979 152.33873836 -160.29901643 78.20901053 -54.64354089 155.15521604 3.37905490 -7.02410074 13.72498165 269.28508124 118.70772332 -102.18267933 133.67042983 -64.64463697 -50.62227313 -91.38139959 -90.14542768 -63.29946962 238.77510746 -1264.11961419 295.89628926 -19.07654267 -117.46872470 -13.86553776 -271.42147974 312.22760498 -171.77672089 -66.04442688 232.79487186 -22.96608260 -320.67781710 -40.43611367 -48.35058164 -198.39293351 -39.61044766 -47.81118972 132.31224229 -54.66168305 64.15742072 79.65910430 182.63464393 -116.39543604 50.43431579 -100.32132464 127.21874273
150.54535264 109.04849419 196.01276407 485.98002989 7289.71141766 -286.87873554 672.07067513 966.51982394 -301.21550986 188.74778580 -1084.18683919 15.98225918 -318.52485668 -335.25870639 -701.42415468 111.79696242 -124.62513555 -27.07612900 -127.14403439 130.83706374 -98.56007869 -113.77392113 -132.40482683 104.58445070 37.38236093 55.17897153 15.31261816 -9.39849616 -163.54877986 -144.37836101 109.88996241 -174.02513257 -268.63251866 -2183.49608087 -419.05659838 -448.52303009 -460.77768443 -192.68927467 198.21176738 -428.22824000 -112.34340443 227.61699077 53.21462294 -86.50121771 -58.29829440 165.21731043 -104.24676812 -56.55500448 6.06236269 107.36299156 111.04906454 -55.19179112 14.32081217 37.58581799 91.81918410 -48.20490711 20.24754832 -27.29061998 259.45185144 -287.28826581 -25.45408593 348.04036538 -1576.18963601 67.72285163 473.97499627 -169.47398218 155.20330868 -422.04220844 -68.13498252 301.48733073 165.45100922 -144.57780930 -154.23214107 182.69710813 -245.68843846 -85.96561002 90.12025381 -116.65522710 -111.24603514 -161.46235265 198.55132219 95.05089904 211.04015796 153.34327914 -1.68237498 -84.14644319 57.02794198
-17.99989876 -461.65947318 -156.81984249 457.17662678 -286.87873554 9511.95960602 72.91617759 1415.62647592 442.88996323 159.91741928 -29.87079241 -215.33885071 277.79857684 255.89732629 -492.41283974 288.76843061 -87.13511756 -293.21761529 534.51539996 504.70151543 265.12278627 384.92824969 119.21653521 96.59131471 -280.72771091 -113.14726439 -125.31132904 151.73681046 392.77807831 -190.38364268 399.37647839 366.83283721 -290.23774481 107.52471807 -981.16259030 -182.83198073 -281.83530725 218.86919063 100.90860334 -306.53801457 -278.71716858 -49.93894000 203.64530767 -69.21041332 214.83244801 -160.91814374 22.22749840 145.71036570 -80.28925364 -110.75421769 36.42918427 -62.26878468 53.56175541 -66.99700530 -83.69260157 -64.86506971 -27.59144748 88.50596375 -188.78006608 46.23830869 -139.38228372 -163.42950298 163.56192476 -1395.98697225 261.16162612 -98.07376162 -204.95939488 178.79780206 -365.90811290 -188.48985498 -89.06690337 -20.36198337 -102.35832236 -295.85371779 -181.31607177 -148.11868685 -90.55780743 -53.78056863 187.77805218 176.03124208 90.29803115 -234.21929027 10.01571946 -93.15405649 54.95890327 29.19949622 -110.83840620
-79.64038632 354.59473149 -405.05937776 5.39003009 672.07067513 72.91617759 17630.46635035 1490.48136915 1828.73013674 691.51293013 -655.41088292 -1021.96155705 -125.95773440 -591.38423397 590.18427799 750.13001852 61.88465709 500.65174254 -690.83549231 30.66131394 -843.90358786 373.26120192 528.98668497 1045.55208134 211.80720172 -32.38753461 -43.56780349 506.15616137 -215.80054346 -106.71953333 -110.65901994 -344.82522547 31.80849859 -348.78003731 219.37075724 -1193.19339187 55.14476385 -593.09756590 -254.87969515 380.82792760 -290.77268699 -144.02132483 148.33526588 309.28247816 173.74156543 -124.34100873 144.65691121 331.00491724 8.62095533 280.21241457 419.31770024 290.10499882 -21.70974661 87.80182065 142.18107761 112.48327989 -118.59114575 99.19108087 178.26873892 -377.34139412 846.91058304 219.69060502 -188.63531718 -453.44298287 -1887.21220120 -641.36245613 255.28645617 -123.41562163 -309.57042872 291.72488036 3.49234824 -163.85906244 497.16599907 -425.20709423 187.52264817 -526.78295630 27.57404628 216.87341261 27.55940226 -258.19632376 117.87950068 -217.18038563 -19.23871422 127.29955570 191.26970891 -100.74427784 -12.72058427
-183.75605109 -311.62834629 240.71966916 248.45653910 966.51982394 1415.62647592 1490.48136915 19005.67730533 -551.06518622 3227.09427941 -218.48137773 352.82427642 -168.00498296 -274.71151565 -274.56872637 210.88802352 -1377.20224212 285.34789319 -231.74332602 -14.27938172 -521.87315438 23.61478186 -166.45830647 229.61086218 131.11999195 -202.14701193 -343.72507450 -362.56677248 -240.43214242 172.24082347 782.34054838 -465.19707546 -337.09250653 -459.77886371 1172.40864577 -308.01949402 -1179.03903445 268.80311943 -44.54610021 -102.69542914 -374.03473494 103.04087141 200.29778669 534.45553071 148.73868074 -6.13475921 -236.71658857 103.33453029 -48.93212040 -515.52033789 -89.47438196 -310.66114349 214.65131257 175.72830400 -164.29965423 -152.80231762 -53.62662923 9.91011634 259.11952052 -592.39215223 -454.73977910 238.57869029 303.62044541 -1196.49702162 -133.86328175 -1779.76777542 434.66638889 -111.30390664 -260.47574462 119.79386934 -451.86448936 -12.56533032 28.69392955 -145.88090089 115.05456968 44.15449946 136.68308429 101.18538804 -381.09756685 -69.39140388 99.08913469 -123.90928023 -28.41292669 42.93602806 -162.50459696 80.96769701 -116.98643548
231.43055395 -755.88620028 185.89149997 68.69865472 -301.21550986 442.88996323 1828.73013674 -551.06518622 17673.85264855 -76.56087471 3137.21538393 82.49425021 369.81434332 -273.81989274 -810.96115317 282.99618452 85.89706196 -1176.80996899 109.26107235 258.41298968 319.65958714 -32.38251101 590.01853902 69.93427922 -32.18696642 119.65766906 339.53804037 -475.14237887 219.91943616 180.32315654 -283.91685952 -202.52773400 572.56761618 -94.00581660 457.39973439 -172.24598972 -102.54631591 -1456.47754113 -308.58224469 143.14241531 -320.11481626 8.25433705 -68.55200437 -163.23047481 116.22832631 -462.28503688 240.72868804 127.36264999 323.64522113 165.40043350 436.76035656 153.41955102 24.21389324 -144.04780207 260.51755606 33.27256152 -126.18598450 85.37117256 -459.52962700 834.95600789 -425.97488249 -688.38781893 516.65520552 -181.76904805 252.94210158 -382.49975085 -1718.50350364 -528.08566446 163.41830230 -842.13798547 -609.39494421 143.67128896 196.80163586 -301.65692784 560.87626903 -101.50821938 -156.68473310 -61.28876518 -388.24473974 -395.84930314 107.80248029 7.01245601 -42.76019524 64.26614196 -72.07773103 -245.89377295 -87.83073879
-208.70448181 534.02394750 149.07737620 252.58608566 188.74778580 159.91741928 691.51293013 3227.09427941 -76.56087471 13267.35268017 -1003.04797793 2641.67743856 -552.92611703 606.31668041 13.21766455 251.60576991 -943.87527636 1154.59959489 582.51571334 653.65875916 482.24549324 566.31716482 231.04353159 506.02031716 -32.98205504 -86.27510337 -270.89907307 -440.66029935 403.94720441 -150.13353650 51.21922005 157.11910410 103.69794719 607.89093393 669.69964391 204.14560350 -123.53291770 -644.49052139 -524.01648588 301.39967602 -434.69310893 109.88322180 20.19373796 248.56781846 -210.15860200 -203.96380439 45.83729375 -267.91285937 -82.43616551 212.68377948 30.12996905 139.24585838 -51.49982581 -47.01540529 24.97720104 -88.56031265 -118.33076207 -128.41738416 337.83085006 -251.48453486 -906.99530678 -7.73764620 -507.08174954 -2.63539975 -138.39895448 -47.93465376 574.43612778 -1263.88906436 190.92126625 -165.62125695 -97.70808187 84.52352024 -243.73303457 105.41335062 -67.14471795 -133.11188331 105.17761003 -66.39477231 -378.21595163 -57.22299715 -52.72732248 -54.90395455 -57.29018285 -109.30250943 -75.94553618 51.29770529 -14.50127869
60.80960040 -665.66053150 470.56711346 118.04812829 -1084.18683919 -29.87079241 -655.41088292 -218.48137773 3137.21538393 -1003.04797793 15588.61357340 -1153.83050460 2540.66365239 337.62353927 830.19769276 5.48660131 24.25295365 -194.15522213 -172.96751492 125.96833368 321.70260435 19.12927130 740.30235407 426.29675306 552.23614433 -31.42189089 88.76030121 54.68801153 -94.70984726 -17.53119406 -85.81748855 -491.01424224 -143.91984239 67.67305047 -103.45779555 -172.18355810 907.58182958 -245.47825365 -205.07206059 -703.37037017 51.02972859 -166.42833444 336.97588820 -461.07588873 1.78556678 -69.44740646 100.91859144 84.45211361 240.05851621 -74.17547007 185.45443218 -263.89668790 122.25524574 -74.81652386 29.35246320 153.53159972 -130.08180072 12.37106524 -67.56085668 798.68013693 35.77867454 -565.20635565 325.46826075 343.66913283 149.11313663 -220.55896623 -382.38624407 538.33194332 -114.36096761 -206.87843216 -249.20729176 255.77380691 -354.56454066 -80.78442391 -190.31097681 -261.85196464 -232.29890861 -108.59135781 66.59162809 -61.19678675 -76.55919397 173.26609217 1.90299203 72.30660460 59.17350405 143.13682084 -145.87161794
164.11705696 329.03509701 114.28799603 176.67011692 15.98225918 -215.33885071 -1021.96155705 352.82427642 82.49425021 2641.67743856 -1153.83050460 13954.31228438 -384.45505152 2770.01196178 -288.75104616 -362.06109515 -488.30843929 314.74044654 313.31776680 -165.58370278 401.33869081 184.78991181 -637.35502721 326.20095133 -473.27112887 -333.41507117 53.51230743 -535.97719531 144.58312202 -2.10906633 -61.06004055 -419.40560551 258.47564209 -603.16356288 815.68734199 -336.22481840 663.77733261 126.66628996 -408.31354598 -453.19418666 -279.59694816 348.41169937 214.37883542 50.98624263 43.37364601 -23.25115455 -109.94935566 95.51702647 61.17455675 -154.81733664 -295.86952268 153.30156179 -233.11698895 45.34849060 -72.93912288 -109.74540050 -1.26138597 -42.54163645 -525.21519441 14.81555312 68.27058953 172.30910328 808.94402515 -267.97755951 266.16119505 530.28224389 667.05848225 -954.29333643 517.03519645 -658.96886831 -488.35459969 -249.39515373 -38.51911706 95.70279392 340.82085685 -149.84908770 121.26392880 165.42477067 -275.44526602 -90.26229702 -230.52927883 -171.23959227 0.97944513 -135.11209827 -108.26646082 52.23291333 -124.63064801
153.45416501 92.79467153 809.71442553 -444.38424477 -318.52485668 277.79857684 -125.95773440 -168.00498296 369.81434332 -552.92611703 2540.66365239 -384.45505152 13770.62541684 -451.47278514 2424.71460335 -842.47632399 222.85234986 41.33929346 151.57304475 312.13345917 272.49114650 -151.87211643 684.65253745 -168.23751963 -111.35942080 11.52960330 231.09816130 -32.14155709 -23.93111939 -305.83397696 -663.09655343 -106.09422877 -237.74500711 13.48980198 -136.31380702 -187.26274192 -210.37589038 89.99341099 -252.48132488 525.44729473 93.75241903 -532.70791350 -89.76060969 -458.44690170 -241.54525668 -18.90369648 -21.18260734 321.91894743 146.77660573 73.72358091 254.83766868 -17.26913561 -150.17371984 -19.77133647 -6.38833419 28.90941298 -0.77416355 63.51923281 -169.51294111 470.12064958 -523.99588544 275.83349281 -209.05060967 641.99615151 -131.77215332 308.45257034 -190.62433766 397.80931731 -266.85621806 -450.71944295 -402.59912453 -342.85988393 533.64133196 129.88469543 -78.24995741 45.24946113 -114.12783287 -123.73552063 534.75320970 -538.55598764 -71.22968116 -350.15552469 128.52185351 -215.74889741 -120.09170352 60.55839602 -117.57857580
-65.80277611 232.47261833 23.20109754 -190.34973285 -335.25870639 255.89732629 -591.38423397 -274.71151565 -273.81989274 606.31668041 337.62353927 2770.01196178 -451.47278514 12893.88710404 -63.47690920 2271.91587618 -687.30373060 308.98878276 285.02638567 -881.30744143 407.91480609 224.91728697 -480.83935490 364.34962046 -27.32877388 -62.40085008 -45.16774992 85.06679919 -286.44288477 -262.06451127 -352.96569455 142.29105451 158.13910624 45.52248042 114.16568008 -408.43733941 142.98325753 -29.87286423 10.13839681 88.04287810 583.01382857 -17.10756135 258.82571800 -184.04942958 149.24736398 -62.59004415 -247.83347578 -308.98634126 -327.85802511 -243.07550469 -185.01648317 -151.19474574 222.70798921 8.18878983 55.15031565 -255.65653300 176.70581822 47.81570412 -115.35372795 180.07731049 -126.50387224 -508.80871503 -177.02147851 -575.31187574 959.76690313 -337.20555160 437.29678874 -339.20234550 5.86329568 -215.37216331 521.52358130 -544.89977495 161.04399569 155.12932697 409.49314125 167.32870742 234.95502582 -143.35598069 -162.45576794 166.31390016 -42.37608918 164.05440218 -115.33568299 -125.27884942 303.51681447 -161.28801143 37.34235506
239.45244791 -138.33590965 -83.16136921 321.37983260 -701.42415468 -492.41283974 590.18427799 -274.56872637 -810.96115317 13.21766455 830.19769276 -288.75104616 2424.71460335 -63.47690920 11065.01303241 22.00314087 927.57767163 596.06854501 -733.35812057 210.08722786 647.59019629 -573.54081730 636.99692693 89.20787767 305.27471264 567.82052394 -37.91476014 436.83316230 -492.95575907 -218.71381089 -82.49537821 81.26458421 -815.83766846 -360.07540131 -272.28162960 -251.65632526 178.11817583 -282.82501894 -82.09551166 -145.11306983 -200.03967970 -261.70846780 -627.91630740 -368.73985665 173.47452948 76.29922774 24.24185741 -0.41054313 -335.98994769 101.18342813 92.41798393 -194.86841207 29.30374325 -129.19558097 70.77856186 149.11684170 35.06992051 97.38970511 -81.29544126 395.17292531 35.61035139 549.12570895 271.61537484 818.02614842 -1096.72467014 -33.54800814 36.38154746 -207.89947681 28.52480140 391.96073968 -49.25407732 81.92446144 390.34573394 202.89328328 -166.99784827 84.14021843 122.66226728 9.18206625 101.41206250 -54.71147846 53.69691598 -205.04718624 438.44807788 -309.34776224 116.36383131 200.42265276 17.69898090
91.61452903 343.75535121 116.32507452 -416.38648738 111.79696242 288.76843061 750.13001852 210.88802352 282.99618452 251.60576991 5.48660131 -362.06109515 -842.47632399 2271.91587618 22.00314087 10072.22491388 146.17370770 2038.83627742 -340.31567960 222.92870586 527.83816682 674.63007860 465.96863274 229.63052212 239.26615923 178.63986573 341.84702609 52.84400354 -94.88089383 21.12485523 -195.39457686 -288.11833332 263.22698956 622.62480264 398.62812333 8.07034703 -117.64083244 -124.84896957 -206.14547610 -213.05737313 -128.63605527 103.44069420 438.67403330 109.30963412 -34.21964852 240.05202481 -174.97523219 -579.39911802 -33.77117654 -1.82936791 213.76699301 36.44954416 162.39699342 216.96349458 45.32776656 -28.25376397 -7.20775156 -24.00853639 -234.40206478 -219.50041639 202.84952553 -38.32756310 -846.57375061 -330.11250002 106.21395817 329.28553709 119.23952075 -100.41848825 -281.51343064 -35.59027084 861.67547653 12.97624687 221.06264938 -290.51730249 -105.60446892 145.17520956 359.15618280 -225.64479460 -300.25471407 -6.08494088 30.16689498 -7.79885318 47.36324719 -13.08904895 121.89711988 -25.76216650 -152.64500556
-99.84790043 -186.80220930 -423.59241601 -90.42378756 -124.62513555 -87.13511756 61.88465709 -1377.20224212 85.89706196 -943.87527636 24.25295365 -488.30843929 222.85234986 -687.30373060 927.57767163 146.17370770 9472.11054775 -15.97943743 930.18235298 -120.76171348 519.52405688 -318.96416516 279.63879337 -515.16633063 228.82838839 -245.82727751 57.11349225 -27.14619276 -205.85455094 300.38959088 95.10683595 124.67297983 14.02056632 -156.25366955 -125.13040036 -85.53101340 54.13275401 -54.77093096 -158.99045110 101.45703188 -68.58360563 439.06524978 24.60910929 -18.27964718 181.07964679 -219.65943923 163.39585479 16.25278401 -278.67237551 139.20938650 267.56462640 -42.22692330 44.31139793 -224.14391266 -22.61264829 -74.33332510 130.29294321 -14.94292907 -53.54768294 141.16032055 476.68935696 4.88333570 -72.92807048 -123.27305649 48.01862003 -469.60803404 324.17380776 -365.91306786 -77.25175070 390.09538238 -176.80419975 -73.72973725 96.01947637 -98.10735657 -532.89255109 -21.98444486 106.86112754 58.61248070 185.34388983 -61.33549854 -87.85487454 -32.89565732 149.66887847 152.35910969 121.65104986 109.24880468 103.51333210
55.72773007 122.46556462 -13.52965022 -77.37196362 -27.07612900 -293.21761529 500.65174254 285.34789319 -1176.80996899 1154.59959489 -194.15522213 314.74044654 41.33929346 308.98878276 596.06854501 2038.83627742 -15.97943743 8434.47460891 -102.58982787 1201.98340506 450.78686396 513.90295977 159.88115872 -349.08023691 -595.54362851 28.28766386 174.80527609 202.31724890 87.50084633 -195.95587954 -6.13427642 -164.50273236 171.83492519 328.00009366 -65.64290481 -74.47943072 -93.69302351 -290.84838775 -251.38879995 40.06439918 -224.49282290 257.90343647 59.55388226 243.32472998 -11.67271892 76.51306812 -107.16765737 20.81362496 -83.48758443 356.52599492 3.65180242 -14.46586658 -16.35492287 178.12893649 126.89919614 -44.00710754 -1.33006625 64.10178909 213.63125951 -199.03228710 -35.42045289 43.27473513 -528.85115221 207.10435550 -856.98277140 146.01212566 90.67308978 -598.06644723 113.80098942 147.07287987 -68.39978983 307.89874652 -124.45297472 -290.68959157 -68.31205167 -317.17381781 270.73286039 -297.01802341 -16.10714188 -13.07606102 -224.66600988 -237.80194883 118.89200580 -159.97331333 84.67523021 -101.08536361 -56.90454321
-130.07419446 231.97640262 -35.99092047 133.44751770 -127.14403439 534.51539996 -690.83549231 -231.74332602 109.26107235 582.51571334 -172.96751492 313.31776680 151.57304475 285.02638567 -733.35812057 -340.31567960 930.18235298 -102.58982787 6924.01851634 457.21136536 892.65156826 259.55308170 184.20580594 -3.25421875 -343.61026055 23.46734696 -160.10313696 15.63558630 382.77422951 -16.68130153 -85.70656314 429.33857594 16.41624404 -68.51601426 307.23271002 245.71895069 92.46256598 267.50824071 -80.18802382 -289.89026621 -43.92703536 204.82511378 3.32973167 -180.86924890 113.27676401 -242.93619344 -65.03294154 61.78931784 -136.79764796 -194.11255808 -205.72052011 317.68134965 53.06892806 61.09954936 -78.32015608 -96.95817408 -125.46724348 -175.40836565 184.90860252 -226.63740228 -537.52997665 -242.39995404 434.95179188 -362.71811210 298.60731137 27.10030856 1.77246391 -134.44156034 -26.43859987 -425.99318908 -199.64362151 -367.73343228 15.03128646 -72.65609778 23.33515804 -105.85694836 -91.14784916 93.38896452 422.48659455 -128.55575778 -10.97235870 -15.23486639 -92.16352092 155.65920178 44.71100217 21.97028914 123.91098555
-152.42611029 488.25659045 -11.05045326 19.49460068 130.83706374 504.70151543 30.66131394 -14.27938172 258.41298968 653.65875916 125.96833368 -165.58370278 312.13345917 -881.30744143 210.08722786 222.92870586 -120.76171348 1201.98340506 457.21136536 5573.67577679 318.05727841 999.18051037 562.86929001 84.75629180 176.93087763 -62.86172077 -13.24241762 363.52287979 89.42253229 56.78248334 -166.67416881 -238.46027203 24.67572111 -75.15387001 -299.93894952 -77.69877050 -49.61442787 205.04257465 -127.50850753 153.15176881 -440.18223880 29.90557674 -254.00844515 -112.47625114 -204.86810223 -124.02231876 -80.07604676 -233.40942611 -206.10769410 -99.24656195 -54.90615719 75.57013014 -86.37758713 44.86631669 8.79833704 -29.79785169 21.91775591 49.18735520 32.03900208 -417.69848749 -98.03059763 145.86099486 -111.35746569 -119.24407159 78.47108737 -306.38501901 -143.47674227 -291.72392863 -2.70051150 -37.82016549 -54.94436265 239.58339285 60.45763275 201.53768627 -144.89957708 -10.96406849 42.77724001 -248.50631548 146.08552521 17.95771095 103.45246496 -110.07592541 75.86679675 -193.93202345 -72.22857881 -32.36051394 -72.94451001
14.18082620 212.47225787 177.28332877 225.16924071 -98.56007869 265.12278627 -843.90358786 -521.87315438 319.65958714 482.24549324 321.70260435 401.33869081 272.49114650 407.91480609 647.59019629 527.83816682 519.52405688 450.78686396 892.65156826 318.05727841 5898.47095172 -534.39513395 1376.83667121 -104.68326300 -141.68502632 388.26125603 54.75398872 -142.99473908 -247.09182844 -168.24280829 -224.93557982 -86.28083650 -220.76202939 -164.38405560 -184.39228554 -442.67398392 -445.46243635 -371.58964077 -227.21124514 267.44381825 146.81370729 408.13519043 186.19665746 -61.40779740 -63.58961043 132.91186102 195.73269081 -196.59332246 -96.78827944 -125.66457677 231.66666663 42.63824453 23.22158895 -236.71418896 88.00069140 -65.20462806 -20.62642021 -71.04820969 -107.45544643 133.19048539 -139.40934372 -64.22106465 -356.57447513 -82.41867485 -30.20331206 847.71131745 -69.79174026 101.53149295 -201.51676363 -323.34818876 -271.83898199 39.02187392 134.79414861 13.35441432 24.16728658 44.35885093 -33.67777686 -54.90718879 -307.72384948 -99.49265652 -130.92096930 -133.68241594 19.25217804 -27.77858845 -133.38429527 -150.64052306 -91.04573498
-85.15412876 60.61511765 -93.33935921 -384.53339159 -113.77392113 384.92824969 373.26120192 23.61478186 -32.38251101 566.31716482 19.12927130 184.78991181 -151.87211643 224.91728697 -573.54081730 674.63007860 -318.96416516 513.90295977 259.55308170 999.18051037 -534.39513395 5040.82837549 202.31026189 794.05425834 225.26801055 -177.88560403 151.91414477 359.49844083 179.27762770 77.44061925 -140.88945076 -99.04015295 354.25916097 -87.37557036 188.84474428 -33.91652886 173.76190016 -343.47516853 173.59484400 -222.43381452 -265.60197168 149.58517193 229.25053699 -129.99141793 -23.73517154 -40.28185028 -123.45020015 -163.89263421 19.01815670 3.14275684 -329.00430585 -36.85152449 -15.30175832 126.43007320 -95.41554355 50.17402480 -72.86218849 -14.22777600 69.42279941 50.72991724 -25.73049551 -29.34097233 40.05378424 -371.76280595 -2.67672762 -164.75717551 271.31094901 -133.19909467 64.27884352 -27.32321736 -51.37634026 -122.85693327 112.94346527 63.49530497 -275.65601081 110.99056677 78.02537238 -46.17508096 10.93189604 72.46861078 -57.56232364 -87.83629989 -79.06946142 -110.88305630 45.15878416 -111.73923496 17.13525797
-150.23710546 162.24525619 228.19030111 -208.56686607 -132.40482683 119.21653521 528.98668497 -166.45830647 590.01853902 231.04353159 740.30235407 -637.35502721 684.65253745 -480.83935490 636.99692693 465.96863274 279.63879337 159.88115872 184.20580594 562.86929001 1376.83667121 202.31026189 4949.23896717 296.72721792 1119.37760077 356.33990291 62.04080298 -186.36479848 -156.09749608 316.05903353 -75.79509229 -21.82566449 -598.18702224 122.67715850 -135.33195049 129.12865322 187.67567126 88.99641228 55.10113738 44.84149046 128.00088680 133.85119914 -19.78819905 -98.40877138 101.43702615 -313.67239460 22.93017808 -98.50933900 -123.33559937 -101.57383542 151.71807830 -129.93523685 29.87508340 -58.08738446 69.39764718 30.59471007 -6.28466383 6.78294662 -135.57642129 -86.99778596 -144.97992703 513.28857785 -546.13560940 -172.19956714 -183.49674274 -319.82796984 -178.99778215 95.16309114 -244.91305730 73.66424767 -530.94015941 0.16041626 78.94382842 -220.77120601 147.86632632 -31.25228456 -33.90359159 -232.43169375 -4.34716783 -69.58333124 -145.06113442 -61.87715157 -53.67183346 132.14895085 -111.23053976 36.22480029 13.11248839
-31.08307893 37.70088544 32.41005517 -128.85689822 104.58445070 96.59131471 1045.55208134 229.61086218 69.93427922 506.02031716 426.29675306 326.20095133 -168.23751963 364.34962046 89.20787767 229.63052212 -515.16633063 -349.08023691 -3.25421875 84.75629180 -104.68326300 794.05425834 296.72721792 3859.32719839 440.59303744 378.81075824 188.42018092 66.15796355 -19.40639086 -57.15927518 -125.57208622 16.17470179 113.38274412 147.62311630 140.77724875 -163.33663551 321.43030289 -139.47822180 -73.95045497 -232.75108097 164.10354409 -261.85541371 120.70587449 -77.67987194 24.33955261 -71.56963657 -64.26673871 -192.74689735 5.29980297 -138.77992866 -97.68705586 -24.55298625 -127.65371228 -96.09506893 -161.16356643 -94.15412082 -103.35025054 -28.32404386 35.45958471 178.03547200 -118.47616831 -1.56230545 -402.97321906 -439.14898499 178.29670146 -551.31720787 237.32202472 -353.94569384 -244.84222172 -81.89674901 347.27007932 -90.85066558 -77.45197221 -126.83793865 63.18972742 108.73904207 68.01469309 -71.76603419 -102.11688704 196.63909523 -43.43446984 -154.99597320 -26.21679536 7.26032009 114.05442567 17.41637772 57.97828345
-194.03463287 116.93548784 22.17922304 -214.62190225 37.38236093 -280.72771091 211.80720172 131.11999195 -32.18696642 -32.98205504 552.23614433 -473.27112887 -111.35942080 -27.32877388 305.27471264 239.26615923 228.82838839 -595.54362851 -343.61026055 176.93087763 -141.68502632 225.26801055 1119.37760077 440.59303744 3637.46200055 52.08444583 473.03461186 185.61270833 -228.32796115 240.92349442 -130.46454036 -229.77958337 -47.66954487 250.05043959 12.31178343 -13.21531759 544.57813940 -41.38917032 18.22880448 -90.72641147 226.31776829 -126.75552497 -28.69365055 -123.76391022 -127.39797678 -63.02453730 -81.04105021 -14.09084984 -174.86630406 66.70704271 -35.32034225 -161.59747270 20.81095129 -104.29790861 13.97857152 22.09041705 31.16637126 28.05677425 -6.30895324 114.76538786 269.34420345 -46.43526125 -651.67765994 -146.08356046 -72.73391587 -778.22177048 181.99865778 -124.19509238 -342.07661877 -318.09930492 -4.35060447 -292.99034301 66.55696607 72.80544551 101.05795515 118.99700838 -15.26729060 -20.66406166 -119.92999298 58.30198906 -15.22452924 53.03921972 -19.36939598 104.93237152 -58.35669734 13.11047270 117.20429455
77.96215607 -328.93600453 106.19624579 -31.31846127 55.17897153 -113.14726439 -32.38753461 -202.14701193 119.65766906 -86.27510337 -31.42189089 -333.41507117 11.52960330 -62.40085008 567.82052394 178.63986573 -245.82727751 28.28766386 23.46734696 -62.86172077 388.26125603 -177.88560403 356.33990291 378.81075824 52.08444583 2855.21873445 -36.50199795 327.07183066 -96.08482666 72.71352062 104.02986714 -288.72171085 -63.02029139 108.19038973 17.27205594 69.62789006 -97.50477207 -209.03977693 -13.04101162 -47.94933691 150.10482671 -197.79734721 -192.16215615 -231.91765927 86.53801398 188.85869416 212.13336169 -69.25141529 71.79958288 -88.95782324 39.85072409 -123.80523894 -39.23947114 -27.47229557 -150.48648395 55.91212384 -55.83230108 -68.98418701 -40.29280434 298.60709088 130.10906113 74.13227298 -372.96345352 186.63317078 152.94731214 109.17970201 -153.60474302 -142.96355657 -117.97443971 -198.76291127 -28.53023226 119.87387267 105.93330738 -59.81431308 39.21688193 55.47112767 -5.04252520 29.18958948 35.09629678 57.36804401 39.40014191 -120.38410075 36.11913989 -170.53904667 -42.33908440 -76.47617553 -39.43484105
8.67666908 12.62075167 41.14115825 -113.05352959 15.31261816 -125.31132904 -43.56780349 -343.72507450 339.53804037 -270.89907307 88.76030121 53.51230743 231.09816130 -45.16774992 -37.91476014 341.84702609 57.11349225 174.80527609 -160.10313696 -13.24241762 54.75398872 151.91414477 62.04080298 188.42018092 473.03461186 -36.50199795 2480.75286937 199.03204413 334.11352512 36.57691848 -102.99593334 -125.20576297 302.86898139 276.07559372 -174.04345501 129.85051705 -214.17420023 -332.93421096 -141.96742876 -77.86055529 97.58877605 -272.55205858 76.03799196 37.73960301 -251.96480676 74.38997630 43.07888011 -6.62551078 60.34973479 1.51784418 110.38716188 3.10582071 27.81405827 -36.57506674 -32.41406998 -134.16451291 -16.02903843 -67.92189483 -26.27049812 103.50556521 100.27081832 -49.37724570 -257.79020485 244.78655057 -254.37738500 -19.14437143 198.15116820 1.83010949 -57.42901460 194.31634199 42.63241625 -106.59613823 225.34725556 66.82557332 115.31755682 -97.17304187 39.39623328 -73.94858173 -96.85143370 34.36772333 18.55044085 -8.51164264 74.33145146 55.30963737 0.66464038 -60.53243569 -32.07376472
-46.33580881 -115.01750755 -157.84099784 -76.50978498 -9.39849616 151.73681046 506.15616137 -362.56677248 -475.14237887 -440.66029935 54.68801153 -535.97719531 -32.14155709 85.06679919 436.83316230 52.84400354 -27.14619276 202.31724890 15.63558630 363.52287979 -142.99473908 359.49844083 -186.36479848 66.15796355 185.61270833 327.07183066 199.03204413 2468.38965986 -176.60327536 118.74952463 55.64093785 5.05444530 201.83697819 214.54273224 -272.55771577 163.38681647 159.61468887 -103.59041596 -56.71444594 -20.87001086 -15.52074029 -32.18049357 -141.89020730 32.72044439 61.99215205 94.93643286 6.73901689 -62.18883917 -51.16870808 15.44684485 -13.22105979 -53.40072601 -46.80840869 6.82430776 -29.81279589 -7.13730517 -57.50522251 68.84225152 -7.27132527 53.72033199 223.63010406 -223.22295590 -281.63800408 -3.46949770 -437.17765605 241.56111542 123.74735690 243.20640824 15.45634429 134.71087893 -45.61368856 -17.49260556 232.07052525 190.46475240 4.53321775 75.26056499 60.77262697 -73.21121526 202.99042275 74.04400258 95.85816841 -8.61246994 91.33678935 -39.00110126 -33.00813636 -84.15184342 24.79040438
-91.93146997 -161.66710158 51.12143633 72.89205427 -163.54877986 392.77807831 -215.80054346 -240.43214242 219.91943616 403.94720441 -94.70984726 144.58312202 -23.93111939 -286.44288477 -492.95575907 -94.88089383 -205.85455094 87.50084633 382.77422951 89.42253229 -247.09182844 179.27762770 -156.09749608 -19.40639086 -228.32796115 -96.08482666 334.11352512 -176.60327536 2411.26042386 31.74636811 24.98605723 132.28432927 -24.30997568 40.43673805 -84.05692472 353.30954647 -112.48062128 -2.07302723 -97.49250124 -168.10001446 -111.31373624 -127.84839581 59.47043213 46.99141074 -22.12093851 -13.49979714 14.35127157 86.44393816 64.92517193 -23.94395872 20.49278470 63.56051456 21.31599563 -6.43347658 72.16042978 -57.92836543 -110.68717392 -78.34384162 -6.15358833 48.69703115 -275.46771180 251.40742035 82.63094519 99.01118450 -46.89455144 70.61821664 -179.21278657 0.87638758 150.44407060 -124.26594150 5.01364002 11.21214815 -138.92639565 75.17426531 36.37333602 -91.62141609 -35.94262180 -40.10829105 81.42686031 -30.25399818 34.60260225 -33.24828530 16.55578597 36.87912855 -23.08768932 -61.52639873 -88.89423148
-343.42364637 131.01708223 -51.29568654 -147.09977398 -144.37836101 -190.38364268 -106.71953333 172.24082347 180.32315654 -150.13353650 -17.53119406 -2.10906633 -305.83397696 -262.06451127 -218.71381089 21.12485523 300.38959088 -195.95587954 -16.68130153 56.78248334 -168.24280829 77.44061925 316.05903353 -57.15927518 240.92349442 72.71352062 36.57691848 118.74952463 31.74636811 2209.57479612 -47.78840414 -14.63110511 -129.10962366 120.67346296 222.20385794 314.63646738 616.43179488 180.36321449 -207.74984590 112.11210543 76.84979248 93.34697385 36.42205351 249.27684573 193.48982565 -37.42275203 -67.15693448 8.87928253 25.26285521 -48.80162623 18.24686649 -13.76518861 3.61215505 -47.11689439 9.84335306 36.33445015 -24.64216945 -87.73833967 -992.56196347 112.95422071 226.96921305 268.85332718 -40.24412823 -133.10244932 -270.07651032 -254.37516681 -151.19142268 77.95537553 -204.29626830 -185.22044627 -425.02069706 81.17246245 -255.76770485 51.99999142 109.98577392 43.10594403 90.74473623 -117.31937242 49.24446336 -139.86274851 8.94817834 -55.69587493 -25.01726832 38.92805520 -58.24797662 -28.91219964 -15.97403556
-38.27936528 -1946.15681785 -160.03334228 417.57784588 109.88996241 399.37647839 -110.65901994 782.34054838 -283.91685952 51.21922005 -85.81748855 -61.06004055 -663.09655343 -352.96569455 -82.49537821 -195.39457686 95.10683595 -6.13427642 -85.70656314 -166.67416881 -224.93557982 -140.88945076 -75.79509229 -125.57208622 -130.46454036 104.02986714 -102.99593334 55.64093785 24.98605723 -47.78840414 3130.30363337 104.95085853 -259.13442689 46.21007444 1.60154716 -13.57992633 -10.49714966 31.80070014 96.18991780 -30.59607215 -79.10082939 -138.81615513 -90.55750484 36.73917146 218.05795016 -85.94076097 -24.34021362 19.03788366 -39.28656097 -74.83239261 6.20882637 -48.01417819 23.11231841 8.59153087 -8.78639281 23.21819756 54.26615101 -8.84680079 125.92868716 -968.13920535 -216.16750568 39.36631955 -71.93790172 -124.48371330 18.47464023 -50.02653640 -234.87841070 183.54712430 -66.72633867 259.75351545 76.62645291 252.07361669 39.70441811 -90.86307979 -115.78569512 125.03615959 64.34613059 64.72403139 -46.43024211 26.37646112 -78.86541061 48.01170230 26.82516657 -18.18331913 -17.65399693 42.16336907 66.55183444
30.66740471 -103.88865980 -956.07046992 -109.00328681 -174.02513257 366.83283721 -344.82522547 -465.19707546 -202.52773400 157.11910410 -491.01424224 -419.40560551 -106.09422877 142.29105451 81.26458421 -288.11833332 124.67297983 -164.50273236 429.33857594 -238.46027203 -86.28083650 -99.04015295 -21.82566449 16.17470179 -229.77958337 -288.72171085 -125.20576297 5.05444530 132.28432927 -14.63110511 104.95085853 3745.93185814 -188.44393976 277.80095515 207.23838192 182.43742411 181.66748265 88.33466139 375.41345130 -49.39638832 82.40531791 -210.91924542 -201.89962322 162.96126230 77.24837433 -84.12152345 -26.17551583 -62.90053931 -152.58826892 -33.79415784 79.03469890 26.19450863 -8.82780490 -39.04896254 52.25390832 -13.33740268 -18.66206738 -6.60971756 43.59814486 -95.91765722 -2276.02131008 132.89525992 -270.45746244 -227.91039879 107.80676151 -139.72910487 81.88080017 185.56480115 49.79114280 371.95993638 174.38226556 -233.03906547 132.75084313 -8.47202142 -21.37067818 102.13381035 88.12996862 73.96283377 165.82614147 -37.90258663 -58.63853877 -24.59767321 40.80595871 -33.23299282 136.49231039 32.00073166 -8.53549236
103.58516976 71.08188973 46.70238570 -1326.50179772 -268.63251866 -290.23774481 31.80849859 -337.09250653 572.56761618 103.69794719 -143.91984239 258.47564209 -237.74500711 158.13910624 -815.83766846 263.22698956 14.02056632 171.83492519 16.41624404 24.67572111 -220.76202939 354.25916097 -598.18702224 113.38274412 -47.66954487 -63.02029139 302.86898139 201.83697819 -24.30997568 -129.10962366 -259.13442689 -188.44393976 3199.59879208 408.20618003 405.90969254 257.88021118 -189.65535296 -184.93215644 -51.66317227 -115.73211133 -15.21948078 47.58763085 -105.41026039 -109.17804674 -132.91820479 -16.19064824 18.69515600 -132.04590659 72.45744277 -86.27421863 -103.10359134 -45.86146921 -118.48628076 -12.61183568 -122.79542439 2.14589345 -55.92925513 36.55218944 84.95403430 97.10813244 211.93545759 -1653.34633085 -194.90433192 -147.46830945 -159.35148228 469.74285861 328.96697177 -255.32026527 57.33502206 48.16710540 -73.17718875 -123.60928670 156.89447565 -86.53819144 104.70907550 -131.96111233 139.42162638 5.27290834 -156.57855740 220.92815849 -84.21692914 30.58228236 -105.47615528 42.53520434 -14.34660538 -83.54888667 -33.74228737
-455.40267567 188.87758026 24.96490195 -514.97444565 -2183.49608087 107.52471807 -348.78003731 -459.77886371 -94.00581660 607.89093393 67.67305047 -603.16356288 13.48980198 45.52248042 -360.07540131 622.62480264 -156.25366955 328.00009366 -68.51601426 -75.15387001 -164.38405560 -87.37557036 122.67715850 147.62311630 250.05043959 108.19038973 276.07559372 214.54273224 40.43673805 120.67346296 46.21007444 277.80095515 408.20618003 7106.70464857 47.16792188 1356.54446145 330.43970144 324.76208358 193.78640962 537.62198478 241.51221192 11.35973680 163.40606394 301.74921467 -109.24201216 46.28154564 -227.30227079 -153.86706493 -159.34858888 -18.48907102 -22.54203453 -20.65597656 68.11284896 -34.41106656 -238.21197528 -81.29020576 -174.30094819 25.59272116 67.57166109 -179.67892653 -230.35074634 -392.20123037 -3631.88426255 160.47303097 -676.28311559 117.77699036 18.49071214 -429.87027271 -93.86360117 -645.85547396 -150.32329644 112.90511108 -167.92679503 113.91142593 121.44102725 100.21844525 34.02405685 -191.53772064 -22.65400490 150.68135540 -96.20780197 -90.91314738 -109.87163652 95.50858628 4.42723106 32.47710956 -60.11505367
-128.35138203 133.48425528 -95.97248632 -372.44172846 -419.05659838 -981.16259030 219.37075724 1172.40864577 457.39973439 669.69964391 -103.45779555 815.68734199 -136.31380702 114.16568008 -272.28162960 398.62812333 -125.13040036 -65.64290481 307.23271002 -299.93894952 -184.39228554 188.84474428 -135.33195049 140.77724875 12.31178343 17.27205594 -174.04345501 -272.55771577 -84.05692472 222.20385794 1.60154716 207.23838192 405.90969254 47.16792188 4034.75497887 407.53016814 729.76385996 100.81090511 122.60232002 39.81894228 174.52194151 9.01627251 104.65037100 -86.56376281 64.68114792 38.61499537 118.49516997 -119.50106400 33.04770817 -187.27645376 -97.94960831 -23.53345080 -45.45399048 9.82120841 -90.76813328 38.89433178 -105.21513164 -12.76848951 -52.97665075 -125.31831821 -304.09248898 -259.34424251 593.97122924 -1082.81407550 -394.87379973 -13.92737200 -98.93032426 -330.50129023 95.63098848 -274.28397109 -74.55034740 51.93029092 -9.59349546 -321.29009106 1.00893050 -207.22062982 43.82151225 123.17566485 -96.23419381 -151.52083101 -267.14570413 -235.01388291 -20.74242155 -71.40489793 23.49724097 49.63770455 -13.28080863
