1343.17060587 -5.45062642 1.49616276 36.62708630 66.83166959 -36.55442437 -34.43837797 -151.96898687 97.07330169 43.54258526 -61.95983145 220.43957924 200.33436413 67.51290599 239.08322171 265.41474217 -45.39235940 -17.82450121 9.58153456 -161.75222055 64.53643571 -100.40510460 -11.55158331 -7.31730548 -50.43356638 -21.19625969 -14.44330753 32.09553888 -77.05665897 -742.37261406 66.12293902 0.70508041 -2.75230727 -195.83986077 -57.15717790 -19.50800326 22.93502167 13.30069020 55.64555968 -24.82440901 7.10766201 -24.81355962 -123.21248977 -81.52714425 18.25881392 17.36279297 48.90699399 -64.73908990 -2.71686455 59.07829937 42.20159584 109.50913863 -11.80946502 38.68502148 64.45950713 -30.43303555 35.00259965 12.73879545 -854.11655763 -32.01495220 -46.40505683 -38.33243964 91.51876995 -103.50656560 113.03242343 56.16573740 -121.96814875 -49.52193767 -16.70360307 14.78013723 143.48298581 76.44277496 106.16998515 -9.73750488 38.76453732 77.05918097 4.86013986 33.24207851 -71.35112196 -60.66117086 -40.79673898 18.36402159 -25.50780761 -98.17119867 42.28911999 -48.76512537 24.41529993 501.42657805 -17.17535194 43.12471880 56.72209439 42.01532561 121.03396512 6.71898351 13.24906416 -9.12718796 -20.10451282 -37.61241292 -1.26690059 -30.19562640 0.71506846 -6.85648384 -20.55588474 0.61546713 -24.02790498 -31.86617325 23.11878473 -23.36356715 24.13429925 -30.82418735 4.13791989 11.11038459 8.17062191 -11.05798678 3.11199387 -5.08703976
-5.45062642 3343.83422148 -54.75899305 -182.18903313 25.07025064 -114.12903934 -354.64151114 -340.40253656 -83.22078950 137.54944424 -60.75660063 74.14538891 163.25401205 -197.79872422 86.50595164 224.35817359 -104.97072554 70.59984502 36.17477266 135.98152115 237.57767204 73.28058229 -110.56851299 14.95515234 -163.57597812 -42.35468734 -63.92312634 -20.61607079 83.42359398 6.06179646 -2064.07263558 -67.21502882 51.78888057 114.14593859 -25.99439723 -168.12869117 -91.90507307 39.44742092 26.48408862 114.34392252 25.34919666 96.43017382 -109.35525654 14.79513665 -123.76547911 25.34105041 -16.06136456 -2.57910048 -13.76270955 -8.84491849 -48.63139424 -38.20843620 28.87667589 37.52545870 -35.77752801 3.13455296 -35.35181718 50.30106381 -15.29849633 -1573.46799216 239.84824092 53.02559740 131.56458736 -94.69748823 187.06797396 -17.99138431 -49.25511073 -113.39865581 -113.28961938 7.15664592 -177.60588358 4.30261130 -105.12365551 144.91263953 23.31928452 -127.88906763 -2.57698683 9.73001994 2.96208477 34.78511525 -5.25538144 -68.34935162 49.35545419 -71.78538874 62.56002894 16.81542468 -90.52657254 35.89896816 891.51341576 -108.62171070 -46.91285874 -137.58223086 45.64614829 -61.75404632 3.14989016 26.96521351 78.25575709 85.78508122 29.62267960 7.19935107 -24.25155105 -10.57177235 -10.00183530 11.19885905 7.67051205 -23.80453487 -28.31407660 -10.88994427 -17.83716609 32.98825739 -10.23830492 8.63985824 23.28138182 3.65914300 -8.23698565 5.63013931
1.49616276 -54.75899305 3679.31974290 -164.51708202 -46.28874952 -78.21284780 -140.93902933 -267.43507097 211.84671766 430.64574074 250.85332448 215.46200300 27.57764652 -24.68414377 119.64233683 110.87069596 -103.55041510 147.89426150 -127.07682719 -62.82942354 223.96304378 -102.84531206 43.73616049 -39.21493339 -65.74574542 44.38891007 47.03979837 81.13833007 -36.43406212 19.88379823 22.32291719 -1799.30247101 -40.74330608 -51.44870069 11.17332361 19.76977202 -200.55792257 18.96027183 -228.96654484 -30.97646388 -73.43373448 -34.60799227 38.85262667 14.78794411 42.17715108 5.96740070 -16.94043514 -3.16068033 22.82476664 38.63555722 -18.55836248 4.68661744 17.15831849 41.42182888 36.49362045 11.78577756 -35.65972120 -4.06358819 -42.45855624 69.28893261 -1937.40376451 96.12390848 -61.05669493 125.34923186 6.38172955 196.25844542 26.51108129 123.71794020 135.24250616 -0.45486489 -14.29850382 104.23049350 -17.73545514 -12.54844356 63.06154668 6.14744270 43.16439354 -81.94356575 -103.20007461 -82.87554644 17.41215073 -10.24162812 60.03191495 -21.36608246 0.03244845 0.69487140 -70.05122891 8.77663008 -44.49102251 988.08825424 -30.99220021 0.04557301 -2.81270716 -2.44404450 -109.89097614 -25.86385564 -48.50370819 26.36271205 -48.95329009 17.19339452 -36.28932059 27.96319514 14.09976225 -16.21834142 -31.08660753 -30.11649504 -4.03411511 -28.31027585 2.37608653 -10.88299070 -4.48316308 4.65095968 1.94576504 -18.10256459 26.52922877 25.46419227
36.62708630 -182.18903313 -164.51708202 5050.92267592 87.28102046 382.52928950 265.21615631 -87.98373893 -117.86806472 -13.32543978 25.72985494 155.94443160 -69.92020972 151.42172289 -21.58183782 -120.75590012 -114.18410499 -352.39039455 -85.52773397 -86.63674383 -9.04268119 -144.76329607 -30.27234135 5.52585340 -35.83234713 -153.30628520 -47.34194964 -123.20209043 -28.47405950 -32.74356303 128.54147306 -89.61050441 -1448.18005263 -158.29394266 -84.54690061 -304.18713560 147.14290465 95.76890236 -61.89325075 185.55883762 65.40313828 22.30162601 -25.53379685 134.47574009 -42.84549893 62.08751247 81.54622539 31.88771282 88.42238637 74.62427034 118.43224241 69.39011257 17.89817979 -30.35126765 19.98080901 4.20223634 21.57837869 12.02193174 21.10014717 -31.10196244 77.80557635 -1731.23715913 3.91540069 -89.63970358 140.28402835 19.30720026 24.82259055 51.99822689 36.55294646 73.81175688 114.89992261 90.33363532 -44.95496918 26.95208971 63.44068426 -69.99634500 -63.21942783 -23.22343182 48.50124040 -26.59601045 13.23383812 -21.50919708 -11.86606570 -13.12371105 30.87993421 -43.51735766 -5.82826643 -32.15594125 26.29077057 16.55655629 589.89462983 86.60873486 -9.75608723 10.26067547 -22.08363628 15.00425688 7.34599960 -29.33875070 3.15968068 43.98266166 -20.34378648 7.29100961 -30.57085797 -14.07781295 -7.59911751 -14.63691002 5.63816114 -59.80482476 -10.77376429 -23.35161878 -2.42661685 -15.95474628 -16.24243023 -9.08163074 -4.04008326 -25.55652457
66.83166959 25.07025064 -46.28874952 87.28102046 7495.98860336 -304.89476406 -46.66411453 49.72021505 -425.09370045 17.58283065 -400.64970004 234.04744348 -63.68043732 -340.76986496 -137.56553151 342.56165305 22.58271875 7.21714696 158.73737553 -118.80907419 81.29184829 -67.72497369 70.99400812 89.59939240 168.19677269 -7.09214772 -50.56997612 -55.32569845 -40.26351738 -70.63668604 -19.21827010 -22.64110589 -212.95439925 -2220.17972498 -46.19912667 -373.64622873 -326.47517039 9.18186127 -113.05007023 -221.14923398 -40.34920152 3.52303240 -62.39053081 -173.19880438 -3.45314243 125.50507026 -22.82082176 24.60482707 -25.06951299 -24.09325824 46.60343307 -27.71070534 -3.45810912 6.08616051 -6.18354055 -55.23590699 42.83221149 -91.85606128 -96.22609934 116.64351941 116.73631850 138.57025467 -2008.68045837 236.54269591 79.41582234 -200.37315874 51.11820958 -8.61227837 -134.40741153 148.90624859 219.86523268 -4.64821619 -12.53534599 67.61064788 -175.32685414 -59.16822857 -59.23443607 18.23507650 33.37082967 -71.32268868 -87.43687557 116.09818772 -29.35784651 102.00063347 -27.72146579 17.67942907 147.27910011 115.52144478 -114.76120567 -145.52535517 -12.41141149 678.55299333 -71.67427167 -14.86212678 227.05974750 -20.92164829 48.07761625 4.50613570 13.20219641 17.62560389 -34.81871964 81.54173675 -37.73809320 -33.62150111 -18.96345212 22.04305814 -51.86102292 -30.10461148 -35.12751604 58.34163785 -30.00495238 21.19315012 21.57235248 23.86104967 -25.89555561 40.00171460
-36.55442437 -114.12903934 -78.21284780 382.52928950 -304.89476406 8921.97184212 283.40760053 1373.84555583 206.12424393 64.67941789 -314.73545607 181.18387480 52.30797458 417.39476063 -122.47380622 36.90066664 166.91353548 -140.25507897 148.70895040 142.31896421 129.86754127 401.60844750 209.11616827 -102.46389788 126.50115099 -226.26476928 -128.18944408 6.03528988 47.14725035 59.38890864 303.58936316 185.90898304 -175.62380769 200.22243000 -992.25977176 -268.18574481 -110.82725208 116.73405167 186.33918682 86.46910827 80.15867629 -84.35829828 199.33984108 66.63129875 147.75633336 -177.81812715 66.76046495 99.42307772 -54.01654388 132.81369524 -59.08442617 -40.90840342 -53.20041376 -27.69984011 22.26129841 -48.30242765 29.14095812 5.68028587 -50.18393936 -46.61868092 -72.02186510 -210.14303281 157.07200174 -1262.84893387 46.97382921 -316.85685173 91.82637894 46.84668238 -203.93588088 -101.98783632 -202.06274687 -218.02779534 -198.69414240 -151.48470147 24.69330162 45.78126652 -121.48560276 -9.99530305 -52.47689741 140.56698919 61.35730295 -68.33758258 -40.89703211 28.64812667 -118.86318438 -57.36946956 -46.57518065 0.54699120 -90.70792352 -81.29004144 90.37727275 -48.88988293 196.50222442 -143.57750287 101.96657767 -181.35937451 28.83035323 -15.30562422 0.23574806 -13.99855151 -63.00120777 76.49374010 -73.91357219 32.44956190 1.24001466 63.86860153 60.37524888 60.94715722 -33.95839792 -4.74240106 -43.09169364 62.38987351 -3.13501126 62.51289163 48.96517049 11.59411915
-34.43837797 -354.64151114 -140.93902933 265.21615631 -46.66411453 283.40760053 16158.80456862 229.41447909 2751.18296044 643.26532896 -245.03690556 -707.82848812 164.33146102 65.27743268 261.46663574 351.36111261 -19.50884268 192.66251387 -511.54868567 -304.92827343 -367.11272569 -393.05818223 381.70384076 350.43607311 53.79333452 -266.14527812 87.50017127 69.37031283 -153.39661132 -153.48964163 276.51381734 284.94685512 -226.72605199 -343.17927445 352.23851246 -866.40473063 58.21350068 -943.67863373 -179.44379182 -63.25181535 -88.82470520 -296.01331130 100.52628386 205.81975982 243.91580911 127.93054702 52.49747483 218.27025435 18.53053898 248.60331659 114.65273724 136.82492742 -110.68056044 87.91885228 -24.40179939 69.04637410 -5.25436055 79.21678433 -49.54973972 148.42675678 -74.75918287 -131.53524484 401.56262667 -250.74899561 -1649.85024338 -488.82124913 410.16698291 -599.58123133 236.87813575 -85.59236545 130.71854967 -208.09955184 345.80396319 -249.02144209 0.14441096 -171.44685622 -34.32431226 -67.56729890 -37.33065317 -316.62048893 -0.73882399 -175.07702590 -83.97811419 -21.79801897 -4.41753900 -123.40124578 16.70244991 203.88053163 -182.55065315 -107.89849458 33.32809499 -3.66250389 -149.41942781 5.05833455 24.96545328 -75.44151056 8.30006185 -133.33093862 60.03983581 -7.36277930 80.11637833 18.53206023 -1.38764744 144.09159501 102.45996807 76.59503875 117.22997979 46.70245538 94.24209078 -0.19297284 94.16531231 40.09856375 59.66442870 -0.35682513 29.43434176 27.16120726
-151.96898687 -340.40253656 -267.43507097 -87.98373893 49.72021505 1373.84555583 229.41447909 16781.11845699 5.42457701 2134.68433658 145.99970370 38.60056958 -733.54480763 236.35736942 -104.33651703 84.80357248 -384.27098855 205.27643543 -346.97325125 -162.71188859 94.61276595 27.30005307 166.72973304 -200.46144718 345.43084718 -281.34158144 -17.40837669 -31.28807114 -287.91800521 152.80058124 534.92895745 499.13531888 58.20055339 208.86705190 576.50520054 69.96558314 -1095.10848128 -126.17789587 -109.19861609 66.88084697 -386.43887155 -47.09031957 553.50046578 103.49445410 116.48185942 -10.01410799 -93.70677519 161.51527057 -71.65187431 -34.47530049 100.61910959 -126.10772432 278.07110155 76.20473840 4.76658922 -28.22471383 12.79393425 92.30313909 74.72506389 -176.12961104 -70.52438663 74.98507528 275.13279621 -431.45901330 35.22637368 -1196.98038019 49.49536478 30.53262329 -270.12684551 224.38528244 12.37240431 109.78529882 90.59792792 -59.65375666 375.44286378 121.50363476 -2.01323731 12.25462821 -337.77757456 -32.05872901 -48.89142101 -164.06911231 -82.75150316 97.73094162 -97.39380772 2.41786557 -77.54874098 77.81810088 -143.63128729 -163.19160667 7.14070202 -438.47468524 -187.63638826 7.93139766 243.61231449 -77.88341689 -71.75615518 84.11726536 -62.88162292 1.63775424 -85.84743018 -112.35184425 26.11054056 38.97476226 87.27346185 43.99213985 103.95902413 20.91899182 -56.28382405 -33.65291127 -24.29213416 19.21971035 16.03586805 50.87377406 -18.71302563 -5.14097368
97.07330169 -83.22078950 211.84671766 -117.86806472 -425.09370045 206.12424393 2751.18296044 5.42457701 16513.72603063 283.69257166 2590.84160570 -120.25582191 831.67190794 -366.82666867 -99.01992893 28.58108171 387.61838703 -231.42941047 -172.00416360 -1.28637202 277.55245937 -295.36036623 369.00954341 -81.74360670 86.35902043 11.91704188 181.41157025 -79.43758307 -64.76143742 2.09010653 41.65303677 -85.34004697 58.46645958 353.06971037 435.86063810 -767.82267383 -297.59222633 -1302.89841763 -254.81544833 -96.56450557 -177.26069608 -112.91365760 243.11516342 81.26141411 231.02978682 -99.38563830 107.41676434 43.13162549 130.01554859 117.48678227 424.77655976 -17.05328189 -9.12566098 -105.34859413 97.54233775 16.94869918 -49.25624557 78.09331711 -278.67072078 198.02142778 -385.63078031 -201.09692590 119.65492294 -137.72467390 -175.41633765 -238.96285413 -1195.31370205 -501.05979769 107.26723777 -642.78244518 -298.08161112 -399.67612501 329.36242066 -223.11305103 313.22283872 -40.48440860 -17.86873571 -220.47828079 -303.45673556 -446.77541817 86.50694487 22.68864461 -107.32130071 -163.34207045 -75.19016814 -189.20094915 -53.07335783 155.23917036 -156.34930786 306.69018827 89.69005370 -12.96129619 -214.84344892 403.35639437 -105.82117835 250.72291349 192.47838060 130.18088287 -164.63131659 14.85383235 108.42817557 -63.19659016 39.67343708 6.29746649 -68.74843849 7.57397687 -116.04500928 -39.09874195 -130.65593668 -13.50556789 -2.12801612 101.36046311 69.09275027 28.68843928 56.20566857 36.08387614
43.54258526 137.54944424 430.64574074 -13.32543978 17.58283065 64.67941789 643.26532896 2134.68433658 283.69257166 13398.02939750 -191.31883198 3210.98577429 -194.39814825 465.15944453 96.17565955 354.90913644 -346.97249375 811.12726136 266.19829364 96.86687345 482.57026700 204.14169449 282.10942112 199.16999658 314.02429104 -228.70858199 -186.02909565 -64.98754221 464.45292945 -270.10746260 -140.75527535 -126.63394922 -4.40612824 -59.88977076 331.25187773 92.20361075 -479.88866973 -754.36006121 -496.04153552 207.36347371 -313.20905963 163.00946599 151.95262840 182.32044229 -57.66350418 23.52074522 -94.29879684 -93.38666284 -313.81356322 264.09997476 47.57988363 130.27161803 -104.72850733 20.14330645 8.80558585 1.24011517 -21.35478890 -61.79591023 6.97860293 278.43252497 -407.04591746 -81.68368432 -394.52132056 -159.63887622 -247.76170056 366.48858423 595.18404600 -629.36188196 183.49914233 -307.06199815 -89.12010335 -5.78560196 83.10935213 85.23233575 -141.57529495 -266.12942091 -48.11709729 -207.18151184 -233.43439271 3.47825287 -73.17857755 -33.54393236 134.73859160 -40.11706204 -28.09088502 -25.65883732 43.24414471 194.37369661 -217.63369072 134.37565036 85.77209558 371.31364159 135.27393348 205.19047750 -25.56450054 -225.85129323 -187.69012201 95.01196186 -11.93613362 -150.18959975 -45.79032637 30.46907264 122.02537743 76.42225288 211.80973844 -70.20124671 90.87384551 8.68783452 -26.98551880 -112.98634615 45.87034672 -66.89069555 -20.97768428 -51.78502874 -45.70699134 -17.36729948
-61.95983145 -60.75660063 250.85332448 25.72985494 -400.64970004 -314.73545607 -245.03690556 145.99970370 2590.84160570 -191.31883198 15278.35426464 -763.20616702 2280.91666492 45.99373381 751.95620680 190.54855700 247.30855434 242.73012212 -68.43737176 478.95111386 284.14108299 13.30699211 616.57813949 -72.31863075 183.18309932 -3.19742049 -65.71121222 361.12823639 -13.64004456 255.94278733 31.70988078 -304.59766789 -292.61264823 84.27005029 28.20536098 184.27146431 577.38126547 -118.87005645 -274.17835787 -666.88824876 -119.76479590 117.23375639 217.39549791 58.40627438 98.77663225 -29.22346912 120.60600825 -34.75459043 186.76592932 -42.09718157 184.33547326 -188.70046475 92.84322648 23.97710390 -41.14821726 110.63357048 -13.50428841 55.59392687 40.28507599 -86.54825234 -70.22183793 -181.05174085 136.42572508 201.48247906 -234.92290035 -356.84892625 -71.75230465 223.40805720 137.47139380 -202.33963911 -224.03485199 -114.07864568 -100.23646772 -300.90793479 -126.86784320 -212.49002691 -138.77246107 -245.08106759 51.86558274 -301.58488155 -262.22871108 110.21709322 -63.45420612 72.46762949 -66.21443820 2.13981934 -124.99152220 -171.82759448 71.91593587 190.89913611 301.29204836 -130.36304488 -64.01967651 131.39068047 229.34559734 120.96384140 -150.72119669 -54.67869539 -272.50711332 -249.43723764 -154.65247766 46.67510840 -151.23015113 40.54331882 -142.43115630 -18.49552321 22.35743166 -32.71041018 38.85391529 13.77547714 39.26708042 -8.91977172 0.93084804 -79.39716430 -14.49054862 -16.81322724
220.43957924 74.14538891 215.46200300 155.94443160 234.04744348 181.18387480 -707.82848812 38.60056958 -120.25582191 3210.98577429 -763.20616702 14436.69776567 -344.58053947 2534.83960718 -259.75177335 98.78502191 -534.49811329 493.20589286 -3.24812029 -87.30059075 526.18443180 122.31256480 -424.13716155 431.45906092 -216.31081718 -84.10752035 -164.70527776 -319.88538570 104.06738973 -524.47780569 -43.13246906 -163.24117075 -60.48487491 -658.04131961 488.35498193 -405.99033059 290.98868324 -176.48335731 -90.26106264 -186.59147692 -336.05805052 221.35524624 -77.75292112 25.32405188 -44.84071848 -60.35009842 -193.04770016 122.80746696 -99.15671230 -95.06633687 -190.97925157 97.91280677 -142.15365882 84.25609806 -107.10322589 2.27693316 49.40845235 -13.64736229 -239.72185657 -214.06870963 20.74234147 190.97689891 150.32348156 -154.33347856 486.50261201 461.74458726 722.60946920 -450.55795998 323.61520308 -175.92792142 -524.19213411 -275.82341244 1.75929925 110.23929553 193.78598236 -238.33407307 -27.98419041 294.27533822 -146.13142113 -18.73168621 -78.19540572 -152.65713677 -24.36752762 -87.17408781 -53.61714168 119.81882665 -20.32556808 461.28334722 263.90255143 -81.75031391 -182.88826112 434.86797457 -190.57547372 72.44488532 -6.92495336 -267.99485259 -207.14736780 91.07974145 -0.90419418 -54.44133477 -101.10111403 -43.35165720 1.13982016 -59.97152434 80.16699730 31.78162958 75.36495550 -97.83743817 -22.95557925 -9.04358824 49.70871512 -35.81992514 -67.24068378 -12.69584123 -83.99675336 -25.13849043
200.33436413 163.25401205 27.57764652 -69.92020972 -63.68043732 52.30797458 164.33146102 -733.54480763 831.67190794 -194.39814825 2280.91666492 -344.58053947 12980.78718246 -299.37645122 1997.12693582 -423.64408424 158.52041738 -143.51890548 -59.37454989 119.64260292 -109.71963869 124.83810993 446.16914227 -156.77997795 -260.60103008 237.34710609 508.94122433 161.04380804 -65.65525658 -132.43946649 -184.64617879 36.68393464 -283.81399043 -174.75523824 -619.24101743 -203.41234578 330.11796435 -147.78042107 -312.17991787 559.71241784 134.65112694 -293.01933064 103.46059096 -254.35368338 -262.25614816 -182.36096959 24.05803199 135.65798398 196.52028395 142.63621058 296.02869955 -33.11841809 -44.29538488 9.15871046 -100.49785974 -72.75064780 27.69798387 1.17564914 -14.74636063 -75.57915248 27.28472772 197.00889601 82.06489803 400.84110126 303.56067051 -55.26769047 -110.97345121 162.35635615 -64.42223095 -244.99139305 -104.92404794 -95.76754218 443.62678825 276.97137586 -195.11222259 193.39620469 -58.55172447 -100.51620742 395.24307125 -362.31653516 -128.42604118 -109.85437558 88.31934040 -99.39080604 -5.66915289 -37.89555896 -105.61599805 -10.84333323 48.35528389 -57.03151339 114.07001482 193.60261178 120.97576386 -60.26978127 17.25694490 96.32388748 177.21839055 -216.39125881 6.56118054 81.88560505 -134.90812717 -32.97318120 21.30961370 48.36670659 -8.63378010 6.39652183 44.75243300 -39.38420127 29.57988161 -21.74584531 8.64195970 29.65739380 40.92504471 -20.81782694 -52.87849070 14.30986452
67.51290599 -197.79872422 -24.68414377 151.42172289 -340.76986496 417.39476063 65.27743268 236.35736942 -366.82666867 465.15944453 45.99373381 2534.83960718 -299.37645122 12222.44797082 281.57405273 1861.81993756 -288.65676484 360.82435585 8.54494675 -286.86202476 363.50011362 -72.38861174 -287.99730797 314.23214778 -2.45127107 -232.99116691 -102.88935001 -9.92018096 -107.71176588 -23.48796638 232.88629273 -52.17169993 -308.55687988 118.26725439 213.17051829 -9.15475026 -252.48246651 -316.86744492 -213.07033053 238.16005769 283.41213333 -98.58778685 236.36591139 -104.15634365 -42.52478744 -9.56739270 -172.16536081 -150.18004507 -282.37052531 -54.70708504 -122.83049151 -44.07380828 69.57270288 -51.92465045 62.61635859 -120.09046648 120.27989867 12.86019314 37.48771981 174.82342098 152.40637713 -72.83966173 197.00494897 -369.94469111 181.40324779 -320.54561550 280.99118133 94.86364072 -7.32204458 -97.05076302 430.05906888 -480.52741546 12.26080169 9.69487546 170.98060784 -197.45592208 135.26671075 -42.73293664 -108.97459094 -28.63672750 -79.08917333 -69.76963642 -199.32305962 -11.93340380 72.16909242 -213.37696646 20.25975655 -99.48939521 -241.46108962 -103.06410685 258.94948696 -123.84671640 -63.25132033 -87.27200512 101.64190185 139.32569344 -224.65957164 35.09956006 -72.26992757 47.76458471 -74.42448539 93.54301523 -3.06191674 -8.22256946 124.91156193 55.12748008 95.21785352 -95.40983635 -6.91213137 29.45610184 27.82820811 47.93799757 -64.42787663 108.11220065 -3.10377154 41.08513049
239.08322171 86.50595164 119.64233683 -21.58183782 -137.56553151 -122.47380622 261.46663574 -104.33651703 -99.01992893 96.17565955 751.95620680 -259.75177335 1997.12693582 281.57405273 9975.30809681 254.69733443 840.45048051 264.19879073 -348.11777169 125.82113989 601.00590015 -268.73977454 116.07034570 116.81252336 169.02145732 351.04929257 -89.69485829 237.50637848 -299.40152865 -247.98747558 -376.11313220 -331.48378585 -295.00709422 -3.75983436 -144.35505191 -221.41003666 107.57283780 -391.54598223 6.06777031 -137.86026153 -231.23741542 5.54991730 -276.83422138 -260.24949484 44.67317258 51.42429674 -156.08934170 -54.98500417 -243.31262691 63.44676011 2.49708624 -101.14059771 102.60433589 -68.73957242 49.57487766 10.81722157 -55.93422793 32.10732274 -267.56451288 40.16195390 56.06732251 377.91662223 -157.52659483 224.70574999 -457.19345047 -42.32015722 -51.27837752 -219.48786951 221.65640246 308.85350663 151.19373269 15.45832185 15.94896068 -78.61201597 -150.16310870 -110.04979155 58.56386574 -63.94752217 -51.13152607 -45.86314597 65.30478452 -147.22744398 280.09065930 -103.96925688 78.83233507 26.14512040 -25.77032906 266.14228016 195.07370936 214.41038737 1.53299219 135.17551742 148.78194730 35.92536997 -7.34594227 98.85170893 -74.43929854 -89.44820088 58.90769983 -34.28237678 34.01625452 24.15777516 104.50187949 33.36370217 40.64431617 2.86866951 -18.35392797 0.73561308 18.71735163 -38.80887524 45.82438367 23.24576115 -1.78119177 20.25514355 6.58410030 5.01722548
265.41474217 224.35817359 110.87069596 -120.75590012 342.56165305 36.90066664 351.36111261 84.80357248 28.58108171 354.90913644 190.54855700 98.78502191 -423.64408424 1861.81993756 254.69733443 9349.13910552 377.33027327 1550.59401792 -162.84678023 402.56175906 388.05812319 207.15576299 195.82141352 251.57668161 -58.50339550 27.71509244 125.12268361 -291.18511185 -206.87070115 -284.67937859 -143.55176839 -460.25192719 153.51658175 150.61771686 200.19649952 13.17741592 -143.10183380 -181.16949334 -72.96472485 -80.35040136 -267.30470655 -4.55216748 98.80776335 278.45840026 -6.78616401 363.11993322 -212.29383573 -225.34442630 -57.04730558 23.02109080 112.21201008 39.95679758 101.88435511 166.75854491 17.39929856 -34.14053219 15.43617093 -59.91540505 -236.15997618 -306.69892162 158.71015339 25.24544972 -49.44331072 -402.04562527 -23.80102725 -182.18203251 46.61527709 60.98470562 -267.62431078 -96.57395144 562.29003533 -41.92634131 101.07002828 -361.59363443 -185.61223847 95.54357225 253.06443313 -200.47364876 -235.09125632 -246.93947216 -61.62584440 -41.31764749 -105.08448670 -51.03322974 65.13549955 -26.87375004 -87.82681411 284.77318378 241.02648321 132.33471415 -64.76848409 -204.37537249 44.41734999 13.81487844 122.35339614 -173.83009994 -33.35822984 -89.87688206 -96.93304884 -88.95530801 25.80624966 19.22443066 -12.47129006 63.82067197 3.37880526 69.24714085 -1.09018126 109.54888631 55.98661225 19.25961613 56.69656401 23.31586029 9.39331504 29.81579063 -22.48891621 37.54764140
-45.39235940 -104.97072554 -103.55041510 -114.18410499 22.58271875 166.91353548 -19.50884268 -384.27098855 387.61838703 -346.97249375 247.30855434 -534.49811329 158.52041738 -288.65676484 840.45048051 377.33027327 9099.89587300 368.53189196 1260.11583853 107.99313704 324.42938298 -216.76817011 350.80481901 -333.41303721 -15.56441844 -17.32807630 -142.90063861 -37.63057223 13.06358070 130.96753053 9.31720638 -170.82266200 -223.95180870 -128.68296013 -390.22821881 -444.86988725 260.60271705 -88.03784664 -15.29240364 -62.44965843 -166.31895251 239.40350676 66.54046901 109.78652037 14.28639078 -89.44037628 124.79928139 -67.28209913 -72.65155345 -80.22086664 241.50611426 -54.13560696 56.85870289 -93.96833315 20.76934094 -72.15651322 43.89077175 -129.89410225 114.97735506 152.39753234 289.74041292 499.49640021 -411.97139697 32.71435467 173.34571946 -417.61353738 166.77819457 -211.71662045 -29.89596089 313.91957228 -259.21485909 -225.56200674 -14.46124357 -34.75251058 -478.19465650 -86.79240989 157.99053124 -22.15863321 75.02143049 -74.63786658 -103.00428775 52.66181401 37.09869340 200.96198836 116.95536673 36.84220904 73.43388924 -214.78315807 -46.95803058 13.60701327 -143.74927542 225.92857329 252.87938732 -88.00527279 -14.60905253 -50.02740737 33.43369087 93.27566517 -55.10390158 86.35421532 -57.94646194 -47.31000404 -53.03951592 53.50935065 -57.21242796 -39.79931872 -89.41131169 11.40239999 -35.74650299 35.13780838 52.94141342 -27.14348906 -12.61449923 -8.12859053 -40.06522774 5.86726595
-17.82450121 70.59984502 147.89426150 -352.39039455 7.21714696 -140.25507897 192.66251387 205.27643543 -231.42941047 811.12726136 242.73012212 493.20589286 -143.51890548 360.82435585 264.19879073 1550.59401792 368.53189196 7637.72950735 20.46853257 1404.98351212 40.98787889 611.07519518 18.41468440 -88.79636171 -514.34191148 -134.54357157 -43.10863682 46.94655630 68.04403339 127.48039788 -177.68753554 -227.95410445 218.37527770 33.62591469 -225.68493665 57.67534239 -122.29762336 -122.44411701 4.68361764 48.09493878 -65.49190886 114.67369470 128.34244201 158.21009054 186.95970078 51.36192828 -129.43035716 75.33912946 -56.24311557 243.35395790 -95.69349464 -41.94227896 -1.44808427 113.78282847 89.55173188 20.42965497 -49.18735496 8.97524665 24.78829358 36.33707321 60.86918539 250.41772380 -3.46336741 109.88020922 -482.22881894 -264.75818652 216.14392560 -471.89023849 330.22544535 177.10690285 -134.95929753 127.00276338 -46.99752420 -192.83160491 -129.18110624 -233.22923341 158.77246961 -90.99768151 -11.46791806 15.59281754 -78.76592830 -24.74533934 21.00822612 -46.12569931 63.69451679 -89.75080994 23.48355166 -97.12642270 96.42172529 65.29169725 -171.92045599 9.61524472 12.92482707 79.59161047 -6.04740703 -69.27419218 52.16982849 12.93577315 -10.23387817 -12.65152880 2.03907531 19.09757980 -13.20839427 1.86665579 21.85478026 25.32236095 -61.00198599 -59.32432106 -64.84696079 -1.79534329 14.49801256 -38.60171289 34.02365161 8.65019915 44.33081968 2.03138250
9.58153456 36.17477266 -127.07682719 -85.52773397 158.73737553 148.70895040 -511.54868567 -346.97325125 -172.00416360 266.19829364 -68.43737176 -3.24812029 -59.37454989 8.54494675 -348.11777169 -162.84678023 1260.11583853 20.46853257 6869.01404389 199.12226742 1100.54821173 196.33162507 156.00401997 93.51708345 -204.13835981 205.56120536 -7.97586150 9.79293145 13.72389151 -63.70234770 22.47848819 232.65046130 68.81364101 -23.01008912 133.68291234 86.49726835 140.21599593 63.81918521 -125.28960451 -249.77473043 -46.82588692 290.98393638 -1.13401844 -119.01726940 43.31699523 -103.74314294 -4.58103839 -151.75620444 -212.53533246 -93.20282177 -140.84182859 149.74392917 -65.58579007 -3.00885227 -42.02183634 -10.23037353 -26.64642114 -85.20436618 109.34696917 -50.36893207 -50.30743994 -9.50340217 107.15576488 -121.13674681 68.01519642 151.70320767 -25.71029979 73.72302624 -317.79567378 -171.98306867 -43.94423682 -310.45893164 133.66682723 -36.55839151 -128.73397056 -7.61666362 -273.08366176 138.24298025 141.02232939 -73.36918805 44.06901220 -22.44411263 -20.51960284 202.24920678 30.25450090 -19.13690613 122.34396076 -37.20074535 42.44807503 -79.04212274 -132.66105235 -303.80939853 68.61407289 -75.79767322 -157.61139472 -23.13838900 -67.97009064 98.80205471 -36.75204518 -112.30383989 2.99709254 81.52356371 -48.45487940 44.88960355 -88.42540001 -14.46524427 -95.05153429 51.13599291 35.91435229 31.14040474 38.50348566 18.60495462 -14.71572616 -4.58588831 0.93096219 -38.90776711
-161.75222055 135.98152115 -62.82942354 -86.63674383 -118.80907419 142.31896421 -304.92827343 -162.71188859 -1.28637202 96.86687345 478.95111386 -87.30059075 119.64260292 -286.86202476 125.82113989 402.56175906 107.99313704 1404.98351212 199.12226742 5438.69451414 243.19569846 945.99777079 139.88081976 136.25488746 -121.50520418 -57.55937742 -145.66927331 77.02481754 42.80479216 134.27055987 -141.30933025 -155.05792719 48.89517090 218.86755325 -262.48002081 -107.01857872 41.13296129 191.25878084 105.89557666 131.96285486 -203.99677841 -26.54092741 -54.42789404 -108.65997646 -90.42608478 -150.75258528 -118.42184826 -162.46664596 -287.80297242 -24.96276976 -37.01581504 -22.20733651 39.29568946 63.00969423 44.85125138 -26.39207635 24.65161222 29.86205592 147.16727284 -59.86133710 180.70182344 417.07582324 -65.02550426 97.33644846 217.32695783 -131.08109286 -16.26428317 -35.95762478 47.10486412 164.27276754 -0.02437278 38.88753134 62.56343828 -45.52111815 -215.74386137 20.39849300 85.04078639 -137.80192532 163.32512087 85.14288309 73.32716401 58.16018057 64.72197927 -55.52051718 -7.05588529 -21.60202111 -46.25950970 -172.51597822 90.79081032 -23.51868864 -339.42281891 -181.09186406 -0.31037253 -23.70286560 106.36232268 35.85085488 -136.59969280 119.42996779 -33.34238520 -17.95251997 -42.15446797 48.20570843 -28.47995175 41.12586654 -45.11021669 20.88944716 33.61184354 -21.69671371 29.15543367 -5.04794311 -76.32258151 -83.77247300 15.94488665 -4.24940876 4.72082740 8.83634977
64.53643571 237.57767204 223.96304378 -9.04268119 81.29184829 129.86754127 -367.11272569 94.61276595 277.55245937 482.57026700 284.14108299 526.18443180 -109.71963869 363.50011362 601.00590015 388.05812319 324.42938298 40.98787889 1100.54821173 243.19569846 5606.31106084 -237.40779608 932.16819574 264.41554502 -2.20800256 293.87294652 211.13166941 -49.53419018 -5.62878155 -74.85387187 -193.07103071 -306.06379092 -20.10066252 -138.76197057 -28.76431775 -346.25394176 -220.09910289 -332.50501671 -342.52919785 208.82112216 -26.61696025 219.37755767 194.36336972 -42.16443167 -95.84881011 86.42611693 86.14341036 -194.17318253 -128.17998908 -100.31540973 153.04833774 17.11173435 107.31154623 -89.31767137 79.14792748 -63.89851901 21.62265336 -43.44805562 -64.18430978 -119.66502003 -82.99797816 33.78604809 240.23672383 74.83270756 269.76701975 458.71007600 127.99262280 285.20392073 -316.82717175 -174.38066964 -212.64378463 -45.59648313 107.24020448 29.37872220 -37.21386917 1.54086804 -69.66243135 -71.30259204 -244.83547589 9.63359148 -85.03899397 -109.02523829 47.59374740 -53.36991370 -8.58233806 -116.09712205 -93.01276272 80.23979293 90.71344923 216.66114129 -77.88166511 -218.91073010 -84.85152721 -134.73614343 -93.51171696 -38.49273635 -107.04671839 -32.76624759 64.36592791 0.01506265 -6.27413238 18.29222006 26.51428563 0.47152243 34.31225049 -15.19489338 23.05290243 -19.97908214 4.82073243 5.96601206 -1.22747763 -32.71938087 -27.21554008 15.01203998 -2.29269136 25.96263481
-100.40510460 73.28058229 -102.84531206 -144.76329607 -67.72497369 401.60844750 -393.05818223 27.30005307 -295.36036623 204.14169449 13.30699211 122.31256480 124.83810993 -72.38861174 -268.73977454 207.15576299 -216.76817011 611.07519518 196.33162507 945.99777079 -237.40779608 4558.52924072 87.41113007 545.98611353 161.89643754 -18.03764372 81.51563239 158.05467702 21.86958212 127.14998760 -163.96116901 95.67693077 78.54531153 175.36272880 132.34410489 134.54743556 -14.63841142 -229.04925094 144.67405525 -191.22219842 -130.34748700 12.88746936 202.00653610 -136.92623354 -87.61811550 -10.10214228 -91.70487371 -84.14832333 44.98244881 86.72976440 -287.26467046 -6.73405927 -79.30574179 115.29821799 -27.13397530 34.92455696 -38.17093868 8.61760377 118.72527601 -3.48417607 52.12444642 45.75727192 -174.10227568 -218.51911403 113.43241121 38.11830401 348.71807212 12.19755891 32.63096070 72.74225624 -84.00444157 -195.88780856 57.25131732 55.12339592 -170.94856831 4.58740237 -20.73369156 25.37928002 56.22507074 12.71987103 -104.01611733 -96.50698176 -21.61630147 -39.56079884 -61.24840971 -27.49594806 15.82113927 -131.26365823 122.63897017 -89.69734255 12.21756697 -102.40047101 26.20719604 -134.33339646 35.99579362 -38.72900166 57.07528018 69.46599939 -7.40174262 -22.12378862 42.94561140 -15.19652062 4.86238749 -16.32755065 43.30406167 56.59413466 -38.04638153 -65.91705270 -3.28634451 -7.02765995 22.51191201 -40.82965930 15.45192873 -3.45929008 13.67650395 7.27233713
-11.55158331 -110.56851299 43.73616049 -30.27234135 70.99400812 209.11616827 381.70384076 166.72973304 369.00954341 282.10942112 616.57813949 -424.13716155 446.16914227 -287.99730797 116.07034570 195.82141352 350.80481901 18.41468440 156.00401997 139.88081976 932.16819574 87.41113007 4298.87078481 107.93127137 1007.17806095 49.87982318 197.72336369 -143.42168174 -90.21409650 130.83415290 139.20131179 4.57979805 -419.08295406 -124.43966310 -38.70850807 92.92693255 180.54404852 13.18785573 -22.96267706 5.83405869 -9.04288634 141.09157454 118.09067029 -7.33888436 85.55315201 -187.03588619 -32.25275929 -10.16140640 -10.09103515 -49.04059691 107.82554821 -169.39562178 20.17197037 -22.64134614 7.78188884 -25.37862991 32.04042981 18.91956262 -102.96902814 -3.73574928 60.19475729 339.77222124 3.26190084 24.10388135 -108.69000519 -226.50255830 -66.82378686 -9.56534234 -197.88419402 -38.98174068 -285.90595091 -25.39567881 128.25015697 -248.21913315 79.77792811 -43.74387270 -81.49083175 -167.44181111 27.88404515 -123.45423397 -193.31747147 61.88397295 -130.18480754 76.06816682 -47.37720809 14.13279390 6.78436512 4.33391473 -37.03817697 -124.48887370 90.39958963 -45.31131866 -12.03360946 61.88625005 14.51675189 13.90144710 -4.51912010 -51.04350543 26.58418664 -23.66373302 -64.23453359 -15.86606520 -64.36117262 39.84211164 17.05964029 23.58416608 29.80372131 -1.55362856 -5.74307539 5.56404350 -10.17409759 -3.95198777 -0.08718469 -15.81294288 3.20952647 28.25832129
-7.31730548 14.95515234 -39.21493339 5.52585340 89.59939240 -102.46389788 350.43607311 -200.46144718 -81.74360670 199.16999658 -72.31863075 431.45906092 -156.77997795 314.23214778 116.81252336 251.57668161 -333.41303721 -88.79636171 93.51708345 136.25488746 264.41554502 545.98611353 107.93127137 3405.88135843 91.79733047 448.48517383 111.25860754 -48.51668364 -28.91528076 -88.42349488 -146.99707291 -129.40408489 -71.10306527 12.62509248 154.82261833 -66.77075948 87.62454689 -138.80154039 -137.81358486 -71.70216140 89.97203791 52.80019077 -25.39401494 -163.63809429 -51.91165055 11.76720240 -42.28954829 -150.39473033 105.77326912 -83.34095343 -52.99397481 39.03634896 -145.68214296 -86.68619384 -28.52145454 -55.22668754 -29.22622530 -55.58489854 -43.33376922 65.78349317 115.31633730 -55.56631758 -100.95982035 -115.29884263 -90.27869574 -53.65471744 59.28412020 -68.56051136 -72.42751506 -109.41973532 147.49100436 -28.64534905 -15.03100502 -87.49808904 38.81570697 -12.68485648 33.33955554 -71.70674290 -20.37530080 91.57985832 5.47209882 -162.90061294 -32.48987888 -51.34100524 2.34335780 39.29002344 8.21777741 139.33729723 59.54352087 35.44946230 118.44433389 -18.37972399 -72.45773471 -41.37444122 -16.56182377 42.22200351 -21.20635851 25.20148621 26.01238900 -23.51622261 2.36951008 91.17834436 -22.98383959 10.91283336 35.77420551 37.18667336 41.97690767 -52.79576416 20.24940150 10.49331089 -16.32409032 11.73969025 -4.92721894 25.44068636 -25.21693507 9.20840454
-50.43356638 -163.57597812 -65.74574542 -35.83234713 168.19677269 126.50115099 53.79333452 345.43084718 86.35902043 314.02429104 183.18309932 -216.31081718 -260.60103008 -2.45127107 169.02145732 -58.50339550 -15.56441844 -514.34191148 -204.13835981 -121.50520418 -2.20800256 161.89643754 1007.17806095 91.79733047 3330.24809606 -17.26213266 450.65372577 -16.51082380 -10.75484866 11.62458189 122.87686925 39.59323385 3.07043737 -46.88819675 134.38513683 -63.71330187 269.18889915 -17.44468060 -9.65561964 47.10273755 8.46607394 -105.57461432 35.47882782 -111.10552502 -103.41280524 -53.62234516 58.31082303 35.16342097 -77.58018116 90.05189939 6.07175769 -42.68232962 -48.23056354 -99.81160772 25.39772602 -4.57474154 -1.13560635 -12.75972368 -21.85686206 129.47735511 49.76483923 43.85570603 -292.54113294 -193.53731448 -25.91112398 -336.37073670 -24.88347503 -35.45042733 -391.07023598 -262.60104889 -8.73680062 -271.83908024 62.03552040 -129.78952773 135.27173629 -78.34709758 29.14210424 -17.85830684 -148.21314030 -6.35284615 -127.17868377 22.49653571 -148.94951228 24.95557249 -112.90304568 22.41689173 29.74518904 25.41696527 -72.35582970 -72.72264007 -4.03024959 144.85249732 67.39384245 177.25444208 35.93851079 94.39547404 -29.79048668 52.62394011 -1.57911217 3.52881109 -27.28821038 -15.38401766 -16.12904528 13.11340808 99.20598960 7.82675891 69.47533546 34.24003677 -27.72171445 -34.12175783 4.32404647 6.22434149 1.87774185 2.26217400 -24.54163144 9.87380510
-21.19625969 -42.35468734 44.38891007 -153.30628520 -7.09214772 -226.26476928 -266.14527812 -281.34158144 11.91704188 -228.70858199 -3.19742049 -84.10752035 237.34710609 -232.99116691 351.04929257 27.71509244 -17.32807630 -134.54357157 205.56120536 -57.55937742 293.87294652 -18.03764372 49.87982318 448.48517383 -17.26213266 2907.58311491 94.91256899 331.75501289 -72.60675397 -6.34785788 -13.45676486 -122.94042171 3.10396578 105.04341045 -90.94999569 201.57903358 -61.64960620 -47.92548690 -31.91047650 24.99938540 33.01760392 -29.73751931 -127.65220959 -147.39727236 -27.49351524 97.88433404 65.91793523 42.13053277 86.03419057 -47.04544100 -4.73423843 -41.24264926 10.11584011 -15.12885881 -136.55584855 9.16696501 -39.18713669 -44.39627712 30.65400416 -1.97634470 77.41002738 133.21656972 -19.31946460 69.44806991 198.52054080 45.29247098 -7.34054384 216.29074339 -120.24277756 0.64664913 -120.26541558 3.29689097 98.97985879 36.29479798 -59.56065280 15.04263726 -38.17302702 19.60074730 71.68516829 52.75018982 -20.36309441 -78.82289532 85.08332317 -153.40925251 -60.68278164 20.99801104 -58.51838755 10.38343051 39.15983470 48.54700365 -25.92980256 -10.18539543 -7.24787233 -108.55725802 12.28295070 5.83797224 17.89863430 -140.55678565 49.78592126 -39.37122532 1.17767822 -26.30776527 22.03092552 23.91651236 -30.32442637 -15.11979551 -36.82077118 -28.75766180 -23.12038994 32.14925570 -19.37858888 -3.38404645 -15.06406964 13.12526999 -34.51768195 17.11248006
