1.787021407679155374e-03 -7.968061073220197616e-05 3.918645727191715677e-05 6.255113866450837427e-05 -2.667035263183729151e-05 -1.856986138820966351e-05 4.860516509424285525e-06 3.007236709010782994e-06 -1.362635816198271391e-05 -1.262792084594440103e-05 -1.675583737419275674e-05 3.915005050385162927e-06 -1.911017872407020962e-05 1.406271723687625675e-05 7.541060946100221038e-06 -2.747581921106345031e-05 2.753366870934107329e-05 -5.248957792279785408e-06 1.057493621682694074e-05 2.559468505060502093e-05 -1.884708655793931441e-05 -4.661060944376786100e-05 2.402605626298942869e-05 7.034070433958296233e-05 5.087067386463317396e-05 -1.386830341384682908e-05 -3.127329902646709773e-05 -1.941541806829731658e-05 8.846831855789937275e-04 -3.263518565147849933e-05 1.767894539930773415e-05 2.411979620613931307e-05 -8.104742364519853373e-06 4.955084900303240576e-05 2.598779071738306019e-05 -3.381486650869602525e-05 1.646914902694549224e-05 -4.653629253809184391e-05 2.855951141650342028e-05 1.887809572468625920e-05 -4.760814151380407998e-06 -1.067463272399682993e-06 -7.488313890695737762e-06 6.058973251778362532e-05 -1.601683945586889930e-05 4.941618589470337395e-05 3.597939146337642637e-05 1.536793077303168453e-05 2.179325915178650645e-05 -2.902165827883094266e-05 -6.020116730500223108e-05 4.325220768950991648e-05 1.592873612980725092e-05 7.011491235116838229e-05 1.745789811618755905e-04 -6.090020892869518228e-05 1.048945773451495688e-03 1.695118668957432636e-05 1.723341453162831498e-05 6.820190315042535688e-05 8.903381378616412304e-06 7.595689984573828457e-06 -1.911375343489307610e-05 -3.800165832339090868e-05 1.109650395299018820e-06 9.941850143482746667e-06 1.260508003057038056e-05 6.177345539021156262e-05 5.903709864131746938e-05 -2.699459353130919011e-05 -3.198668670227426686e-06 4.838577100187127278e-05 8.336463048975571060e-05 -2.599137779832718089e-05 4.842057183480256657e-05 8.899474183617276757e-05 -2.701227618584112577e-05 -7.142066294606394809e-05 3.963612762205147451e-05 2.272499550273315624e-05 -4.555698579722289020e-06 1.210471793697095913e-04 4.076254995410108527e-05 3.003114625212116212e-06
-7.968061073220197616e-05 9.440684486128602402e-04 -1.188537325120225373e-04 5.814301477818688395e-06 -1.610751926741428133e-05 9.962654032862219863e-06 6.393862832079188214e-07 -1.015590211011603744e-05 1.066856057989069586e-05 4.467996352350444994e-07 6.274676196385092392e-06 -1.035093364257693376e-06 -1.444776880946930603e-05 -9.800112799268329808e-06 -1.724102661664409970e-05 1.399713446730016389e-05 -1.060876700862457133e-05 1.068589769854806881e-05 -3.519790052768072698e-05 5.242262170731376073e-06 -9.391597996587264816e-06 -1.947498449527372894e-05 -2.921737202864318743e-05 -1.453987866633452531e-06 -1.831813951905090403e-05 6.438271073601804795e-05 4.884454066361565942e-05 -5.041664731608711854e-05 -7.139226673008922499e-05 8.066610940734069085e-04 -1.063226195715995400e-04 3.057424422938286111e-05 -2.685896161633476387e-05 -2.471543031900413364e-05 -1.934042075010934225e-05 1.302388699547944297e-05 5.904306166106675920e-05 1.495622549072496955e-05 -3.025995362382011083e-05 -2.089768836404743170e-06 4.576298059172843565e-05 -3.681256953023188705e-05 -1.098530379748820247e-05 6.810405044675057443e-05 4.014837839614887621e-05 2.188288778636159805e-05 -6.150730297953480442e-05 -9.240413180716155800e-06 1.571849516532877126e-05 -1.048731051322020268e-04 8.062610119165647784e-05 6.702048533874836267e-05 -4.131536209246484422e-05 5.258186414591177964e-05 6.177739303509859569e-05 -9.879278285961908901e-05 -1.201859085997226159e-04 6.851550987175685252e-04 -8.415049890291230841e-05 2.634569293956412980e-05 -3.203078223630863547e-05 -4.579424508644799880e-05 1.436827045531719119e-05 -3.048867636635154496e-06 2.345916457021038839e-05 -3.172636056812488243e-06 -3.394307021978107023e-05 -3.640091991711939866e-05 -5.770581938156500967e-06 -2.629331935569377283e-05 3.373083059874048645e-06 2.212673317576318517e-05 4.179031129147941462e-05 5.523639176348003909e-05 2.707723783332506757e-05 5.992029114014775222e-05 1.219119019553445615e-05 -1.437350409264075387e-05 1.408927952023884738e-05 -8.095432127506335752e-06 1.402292594439813694e-04 -4.603848344052998071e-05 -1.149382176545958572e-06 6.480363733492281444e-06
3.918645727191715677e-05 -1.188537325120225373e-04 7.238958682448205567e-04 2.781376639036056312e-05 1.232146240564368363e-05 1.030674616597235528e-05 -1.062906671784262656e-05 -2.880713642235536511e-06 9.993208371008931401e-06 -1.362670821502636576e-05 -2.468410249765015430e-05 1.712584222900505147e-06 3.165194270504491937e-06 -1.261533433179663985e-05 2.084348082560565291e-05 3.599075557008510287e-06 2.220894558657275528e-05 -6.038709933025904619e-06 -1.426976355495468139e-05 1.116413091206787855e-05 1.431483127388577452e-05 -4.795102270687771297e-06 -1.237834243191707156e-05 -2.898566246667826603e-05 2.166999502357144346e-05 -3.957008374462724261e-05 -6.167904107402374307e-05 -1.389592951942356587e-05 1.025689540747636215e-04 -7.396798317593452406e-05 5.801965919902185099e-04 2.855793375566003384e-05 -2.473210632092793219e-05 -1.461867502759751911e-06 -1.724475643612545108e-05 2.484262338917340204e-05 2.528616065999828334e-05 2.837056048777257476e-06 -1.695037715873603425e-05 2.581976335222204772e-05 -1.732043227350657809e-05 4.868648391276270631e-05 7.943005267779322572e-06 -4.393846835169031451e-05 1.281947315766132835e-05 1.001552719863936183e-04 1.272321093569956956e-05 1.675436139577127589e-05 3.611493640828753333e-05 2.516562294074705836e-05 3.276818607808853405e-05 -2.489688556193195144e-06 -3.029517992734817098e-05 -5.181159980312404102e-06 -2.039663491432561207e-05 -5.973259250681635954e-05 4.927191170083653279e-05 -9.707752133197161681e-05 5.897299581913700980e-04 -2.229677517399830219e-05 -1.058331308340143357e-05 -1.344448036875651882e-07 -2.424848897198359575e-05 1.881485623411085153e-05 -1.241120156643826737e-05 1.066298146581135361e-05 -1.947457873557635881e-05 1.791650162951043411e-05 4.919783529610709998e-05 9.670867529642038557e-06 1.116743288301599788e-05 -1.999327458611437105e-05 -3.047790221439308916e-05 -5.007116879724538916e-05 -1.683251835406156878e-05 2.280615471107011315e-06 9.648903952108611477e-05 -5.190483421642041236e-05 7.116503075736506628e-05 -2.217058121715671201e-05 -1.041102377551407341e-04 -7.354338420628891884e-05 -4.891820356326813146e-05 -2.659122661265820729e-05
6.255113866450837427e-05 5.814301477818688395e-06 2.781376639036056312e-05 3.532552616081377321e-04 6.658384188935831105e-06 -1.626665596724075268e-06 -8.760710606198506800e-06 -2.506141674494963919e-06 7.554215622239433924e-06 -3.012958762312140545e-07 1.439719199940800815e-08 -1.443240175756740027e-06 7.597702969949235714e-07 9.922321700023197061e-06 -1.035693304652174574e-05 -1.850443187909918877e-05 8.915937660388849399e-06 3.093059789786005041e-05 1.733747447458057498e-06 -9.456091445578723582e-06 2.061181193289186072e-05 1.014844185741879406e-06 -1.286728668008030337e-05 -3.269754339738957132e-06 3.080658330638841644e-05 2.862947562200929275e-05 -1.677830350614708193e-05 -1.406290775458514183e-05 3.063234964334791917e-05 -2.487372590481414045e-05 2.879074274833956870e-05 2.961768798922483547e-04 -2.216595003085682490e-05 -1.985504181405632252e-05 4.951367255927562965e-06 -2.545342887035359985e-05 1.900938115426439126e-06 5.439935502332137323e-06 1.982418164336866291e-05 -2.481765271215277593e-05 -2.576970967834071446e-05 3.037733044813768521e-05 1.364299477312953258e-05 -4.999271703145000276e-06 1.230121145349963932e-05 -1.043784294005597083e-05 6.295508388528474157e-05 -5.499837819406277999e-06 -4.168903639320137311e-05 3.343706780030393711e-05 -2.301052096424863677e-05 -3.639420389046759010e-05 1.500101633617537732e-05 6.664680376109415180e-05 9.802155726532301393e-06 -1.880392643033543693e-05 3.309833299704222006e-05 -5.530213550957095806e-06 3.363071631474818699e-05 2.286681850673922243e-04 -2.769088314737232798e-05 3.515834392304182344e-06 7.844947382288495384e-06 -6.596628425943187876e-06 -1.523748081195010264e-05 4.476749926593958036e-06 8.596391004857357809e-06 -4.275751379496613744e-07 2.393649286884316310e-05 -1.832218097934129014e-05 -6.440112281581267411e-06 2.411934862763922267e-06 -5.998793790843788581e-06 -1.144285882991002573e-05 1.689342253458246953e-05 -2.269987583675042898e-05 -1.337505008132288783e-05 -2.300524303523818898e-05 -8.958583261479620790e-06 -1.362140255810346836e-05 2.769808679639508152e-05 2.749988888215502400e-05 3.239175221797146656e-05 -2.116880022759717152e-06
-2.667035263183729151e-05 -1.610751926741428133e-05 1.232146240564368363e-05 6.658384188935831105e-06 1.738020109602274365e-04 1.056325825001203137e-05 -9.150676530592069782e-06 -8.033794907514566912e-06 3.655104562689320691e-06 6.203970804903490860e-06 2.388191799102910970e-06 2.074348509824734680e-06 1.162127420893840202e-06 4.550826015128029603e-06 -4.021478506595920834e-06 -5.579279200828250023e-06 -3.071683331729116167e-07 -5.130977563627673978e-06 -3.148801439285001240e-06 -9.828678850799373533e-06 -3.717115518181818715e-06 1.520882573441259604e-05 5.714328299856428158e-06 -6.074959095053742570e-07 -9.003061398991027894e-06 1.022775549014365916e-05 -2.373717258116224311e-06 -2.267460742119222423e-06 -3.219923577661034752e-05 -1.114175335200516518e-05 4.073819275487758420e-06 -1.567963962958186447e-05 1.025788545037510619e-04 -2.114797739941740224e-05 1.626298968328493630e-06 1.088556807053002623e-06 -2.069200600200929006e-06 2.348896246354854257e-05 1.703122021582605347e-05 1.247936006967719458e-05 -6.305734790902437190e-06 -3.664166796182830201e-05 9.326303545875430165e-06 3.330083761009803092e-05 1.171899567005097668e-05 -3.942840930951458175e-05 -1.128186900380196215e-06 -2.516805716720962436e-06 5.876472422492596263e-05 5.559133916824501338e-05 2.063858537870209985e-05 -1.016911462176791686e-06 -4.743701919315101206e-06 -9.633649894461606184e-06 2.473477261817302967e-05 2.280330358355564327e-06 -2.911346791930469914e-06 -1.973150398632406353e-05 3.738072849844738678e-06 4.449768098714112564e-06 8.745697246917353131e-05 1.019901116450415437e-05 -7.404169095501990264e-06 1.700618513385877291e-07 7.208080521513722550e-06 6.827123409249602751e-06 6.295228602739970188e-06 -1.061323181297269883e-05 1.988179068397624543e-06 -1.093353558446501000e-06 -1.581846867329819923e-05 1.470859497296932678e-05 -4.734201791821881746e-06 -1.656731466951447291e-06 1.507121629468168940e-05 -8.135425891885752592e-06 -3.466956975460042548e-06 1.761672452281766552e-05 3.156276989590154139e-06 -1.474698772940314477e-05 9.316197666648530411e-06 -1.459309705400152783e-05 -1.585064096640427026e-05 6.233280599886132707e-08
-1.856986138820966351e-05 9.962654032862219863e-06 1.030674616597235528e-05 -1.626665596724075268e-06 1.056325825001203137e-05 1.405765442991877836e-04 -1.843296770636955996e-06 -1.639549923196512231e-05 2.299532911429016917e-06 2.724691156618506885e-06 -2.674811862417824239e-06 1.733982554812895898e-06 -6.377513126115650385e-06 -1.274230666121585733e-06 -2.712217994751127958e-06 -1.499015241253297327e-05 -1.131397811365969988e-07 9.647296132630465992e-06 -7.164398639259738633e-06 -7.764661389929862582e-06 -1.456319855089065662e-05 -1.218914891651768864e-05 -1.004416907555812701e-05 -5.240292004814285640e-06 -1.271592040831817438e-05 1.785097060074498573e-05 1.454188203235278890e-05 6.879123120154505515e-06 -4.933691871724824443e-06 -4.982851768461458178e-06 1.413160634464103504e-05 -1.499815508322585418e-05 -4.978709612373561865e-06 7.918744810890484013e-05 -8.507216273422497599e-07 7.736699736771843390e-07 -1.239376592040771028e-06 8.877914662271698719e-06 1.658601364734397685e-05 -2.016589928713877192e-05 7.635077812128550324e-06 -2.066718429353793260e-06 -3.619469464998752654e-06 6.079701130275472977e-06 -1.046370201039272657e-05 -3.678794994397655379e-05 6.587272658397915052e-06 4.400631903557506981e-05 2.710456844613466613e-05 3.692622327616967163e-06 8.590702138101565706e-06 -4.716974018077109951e-06 4.488193670477277425e-05 -4.613626190069436899e-05 -4.221290016216045670e-05 3.855524772637554337e-06 2.567914473104256517e-06 1.313737410623705538e-05 9.121911549661349913e-06 -1.666389721681349413e-06 -7.378642622311577460e-06 6.380322937333011567e-05 1.491058092415213459e-06 -6.622765705429714996e-06 2.067698360863844116e-06 -7.165005139834421596e-06 3.589915897563831392e-06 5.286832106466916890e-06 3.921082779301473352e-06 -7.409648231090481232e-06 7.533481966852006694e-06 8.891205584102657457e-06 -1.273555294118242036e-05 1.572957357087752505e-05 -7.805079392554764890e-06 -7.221051233461088113e-06 5.084323995593224264e-06 8.267605411157289449e-06 -2.878941095144402530e-05 2.771672943795489672e-05 1.124391877298334675e-05 -3.532791845505588797e-05 -2.877905888196185050e-05 -2.404524766760064545e-05
4.860516509424285525e-06 6.393862832079188214e-07 -1.062906671784262656e-05 -8.760710606198506800e-06 -9.150676530592069782e-06 -1.843296770636955996e-06 6.656042606945030999e-05 2.805888376946777296e-06 -1.348535317693541921e-05 5.729490472952972741e-07 1.293343923476270694e-06 6.443179482180196408e-06 4.084185256164112305e-06 -6.077244898739486069e-06 -4.628928245447489754e-06 -3.926405152413662365e-06 1.440666926702284455e-06 4.418381574477752617e-08 1.903168108006536322e-06 1.069697204938715670e-05 4.519920065281802741e-06 1.785800743477931311e-06 1.104844225143741715e-06 -2.283514025411879534e-05 -5.726930010354266005e-06 -1.749827812909740117e-06 -6.979521917453473949e-06 -7.875731831509407937e-06 3.838081703318099787e-06 1.263298416723032674e-05 -4.022655905655563762e-06 5.759465068763165249e-06 1.480450430328997096e-07 -3.859098926242992314e-06 2.025449604084677782e-05 -8.467824080327735419e-06 -1.523760632071006483e-05 7.818826825003751302e-07 1.209344796193310921e-05 4.495862472730126988e-06 1.304955726831581619e-05 -9.125598093999892001e-06 -1.513578278846849967e-06 1.088536998705693001e-06 1.195210169907425325e-05 -3.020339682511274620e-05 -4.515478894284017026e-06 -9.588399926513779177e-07 1.916736110846042638e-05 -1.469106302296882416e-05 2.302532051401898804e-06 -4.458883670607556450e-06 -1.783130839491122070e-05 9.201162444948337053e-06 9.049875428650155142e-06 1.758948823783234910e-05 -5.231754060698507669e-06 1.934672136605780618e-06 -1.512102748515924580e-05 -3.367951431702274469e-06 -4.415262313971151098e-06 3.455969784071842906e-06 3.358862412944766572e-05 -4.084702995781083809e-06 -7.402691008743110335e-06 -1.363991430124646218e-06 7.444231144544660102e-06 3.641660915135299534e-06 2.894457731283975916e-06 -1.838109569668077873e-06 -8.172249696460365942e-06 -1.200230199667393911e-06 2.437433005386384168e-06 -9.382351599862244414e-06 -7.786960795475575463e-06 2.002019616597371831e-05 -1.243162967402370716e-05 -4.622058054772869984e-06 -6.793421547204264073e-06 3.052718677018619118e-05 -8.024849962999205372e-06 9.517840220710755038e-06 2.002730113902853197e-05 -1.016614115721809327e-05
3.007236709010782994e-06 -1.015590211011603744e-05 -2.880713642235536511e-06 -2.506141674494963919e-06 -8.033794907514566912e-06 -1.639549923196512231e-05 2.805888376946777296e-06 7.120951219548943354e-05 5.975934305617242295e-06 -1.419498884630659207e-05 -1.798163277212797631e-06 2.900807653431707232e-06 1.526788496579105546e-06 -2.399721381446277232e-07 -2.787145442523722009e-06 3.053090058858207617e-06 -2.514580692382348003e-06 -1.267755536343919329e-06 5.857749477994550149e-06 -2.094050817851700985e-07 1.335322140503384907e-06 -1.013647399662801523e-07 -3.886279155006862073e-06 -3.424127034930730375e-06 1.107771992643513132e-05 8.141489326215699829e-06 -1.534982760302656406e-05 5.037702528912920170e-06 2.861057172450544960e-06 -8.212005192904910379e-06 -2.119205893389143943e-06 4.164816680879821455e-06 -7.639808620053590538e-06 -7.003420395606176711e-07 7.168043739579103058e-06 1.830560246082709437e-05 8.677077099432505550e-06 -5.358976177409804006e-06 3.570945766175704469e-06 7.334095035188441640e-06 -9.554889598278951192e-06 -5.135307971379225117e-06 9.079027573428470333e-07 1.724192679354209233e-06 -9.487975126072203865e-06 -6.317604608149051612e-06 5.585744236610676558e-06 6.351104514021578293e-06 -9.055269425156719187e-07 1.332758317272330731e-05 1.714359177372238631e-05 5.919040769596160818e-06 -1.456816468057533856e-06 -1.463386749523467992e-06 -2.765784293634344690e-05 -2.725562903350338168e-05 -1.993326373639066766e-06 -1.619739390442938984e-05 -1.099604034599658802e-05 1.634441050544190518e-06 -5.451335261299167925e-07 -3.465800659849483712e-06 4.455728174989660898e-06 3.697630092850104404e-05 1.342895559830453266e-05 -2.205302418438374666e-06 -1.511280209617981614e-06 1.335307849530380628e-06 -6.766159811215437452e-06 -1.339031498129251051e-05 -7.070349198658921165e-06 -4.563593421037194467e-06 -2.549384520527372309e-06 -2.280456659220590619e-05 -1.919619487502052387e-06 -2.299942014457461676e-06 -1.677553702458246495e-05 8.279889093085891948e-06 2.075424950193998058e-05 1.919010901820818860e-05 7.669093709940446202e-06 -1.806694078500744607e-05 -6.787508562900991653e-06 -4.692578385472466105e-06
-1.362635816198271391e-05 1.066856057989069586e-05 9.993208371008931401e-06 7.554215622239433924e-06 3.655104562689320691e-06 2.299532911429016917e-06 -1.348535317693541921e-05 5.975934305617242295e-06 7.338676598360193727e-05 7.845777834340702459e-07 -1.098822035775867739e-05 -9.419684395419010293e-06 -2.373167047423398732e-06 5.131415446737239720e-06 4.106388358108103948e-06 -1.655310262290147339e-06 -7.876014957846332878e-06 5.866351006806603013e-06 -2.494807736751266903e-06 -1.318874692181761029e-05 5.896580141479333476e-07 1.155682184863768335e-05 2.355379173434398759e-07 4.969892799434873787e-06 6.859912351856200994e-06 -1.986476838355977457e-06 -5.029967838946077913e-06 2.318650262724464445e-06 -2.826220066024252636e-05 1.293419002765769917e-05 6.560632437476678118e-06 1.340964333240456196e-06 -1.263716801102887748e-06 1.662960832297578990e-06 -1.745291668552387344e-05 1.048865107638134274e-05 3.173195657170290915e-05 2.913890203989999294e-06 1.426756379256893968e-06 -2.799971988271012500e-05 2.699068491556384040e-06 -9.416845742394466955e-06 1.033369821352953538e-05 -9.887653337819046802e-06 -1.017722591665237984e-06 -6.362707070673649170e-08 -1.111560056339334554e-05 -8.051421871303131002e-06 1.974471459131232404e-05 2.987729371233017203e-05 6.890630052622660588e-06 -3.877736960841264207e-06 -1.593462303380642438e-05 -2.025269234374872963e-06 -3.675822849709876086e-06 1.439508045775231283e-05 -1.563965167289291543e-05 4.853812333867180225e-06 1.020523291950669830e-05 2.816671815675880201e-06 4.154611894349036177e-06 -2.783219886688294546e-06 -4.201139437708900627e-06 8.123995184900655169e-06 9.720252435915470102e-06 -1.116707153547094181e-06 2.392758662604895130e-08 -1.051100078019058930e-06 -1.770777599673577968e-06 -1.230964553973004751e-05 1.878724555151008245e-05 -5.626675476935296569e-06 4.217652979302848244e-06 -6.938349865937714668e-06 5.754011096852151280e-08 -6.137927877984966690e-06 8.852654553051907618e-06 -8.148631026897958156e-06 -4.143889388505767060e-06 -8.029782600146403884e-06 -4.183489665206011903e-06 -2.446913612752223767e-05 -1.606361622561205724e-05 1.735695012578877638e-06
-1.262792084594440103e-05 4.467996352350444994e-07 -1.362670821502636576e-05 -3.012958762312140545e-07 6.203970804903490860e-06 2.724691156618506885e-06 5.729490472952972741e-07 -1.419498884630659207e-05 7.845777834340702459e-07 8.808908900384498735e-05 3.944566065704580782e-07 -1.173208737765960587e-05 -9.835349165030380561e-07 1.466141968245972879e-06 -6.779422726189589170e-06 -6.537941817210468290e-06 1.118929552406862325e-05 -6.605689598847412296e-06 -1.188679473967969897e-06 1.217164754827590803e-06 8.900748370055193184e-07 -5.883243151735666955e-06 -3.875830059755063063e-06 -3.371371075120960568e-07 -1.155805116384369343e-05 1.537911251832895683e-05 2.437051154488551388e-05 -5.690939580678768174e-06 -3.896879843271674546e-06 7.285897693575124342e-06 -1.311020449236851191e-05 -1.006961498953842895e-06 3.485503010342211088e-06 8.226575775719290257e-06 -7.288071052472399767e-06 -8.504662788587131242e-06 -2.606333047359883184e-06 6.390983679507934393e-06 -4.077047210368750751e-06 7.655442626657096657e-06 -5.300665932717923531e-06 -9.346576510989084958e-07 1.798593826202261591e-05 -1.365733097933419380e-05 8.857377440456837484e-06 -3.040714969651788194e-07 -4.743177219856483522e-06 5.338897526161218701e-06 -1.439152424349300890e-05 -1.781592993080692754e-05 -2.337935549986505757e-05 1.344451208989715602e-05 -1.508110961001456668e-05 -1.008300364053929945e-05 4.171657224864314345e-05 -6.341936473659403146e-06 3.831606120414996219e-06 1.556954894435596756e-05 1.010751106469015282e-06 6.683505841410139658e-07 -5.722441167808073229e-06 7.625155025914843097e-06 1.004240588595316686e-06 -6.603030647924685571e-06 -2.255218983704483613e-06 -2.865754787149855106e-06 9.556481636452020601e-06 6.935369737047827434e-07 -5.029232295894800527e-07 1.314217138087975349e-06 -2.054600515312710644e-06 -1.699173403443482043e-06 -6.325870497050035813e-06 1.343476216733384891e-05 1.737410838730196497e-05 -2.051375143623687829e-05 3.199620969615665131e-07 -4.819837792755355054e-07 2.938981448200494502e-05 -1.799726711184114041e-05 -1.958280425462089158e-05 -1.616755876602600872e-05 -2.849536393241609137e-05 1.720904825898719344e-05
-1.675583737419275674e-05 6.274676196385092392e-06 -2.468410249765015430e-05 1.439719199940800815e-08 2.388191799102910970e-06 -2.674811862417824239e-06 1.293343923476270694e-06 -1.798163277212797631e-06 -1.098822035775867739e-05 3.944566065704580782e-07 8.043553821681299388e-05 9.655324547858153551e-06 -1.357041199877346160e-05 -1.876918197357038600e-06 4.222879843503646411e-07 -2.693875495018803174e-06 -5.343680879940411516e-06 -3.075924926994531512e-06 3.513183207165633749e-06 5.345671689407954383e-06 -6.645289719278099772e-06 6.250801710291485423e-07 2.667741991922251015e-06 -3.168425551678727565e-06 -2.250552658062419657e-05 3.814634428533708923e-06 1.585165332554285344e-05 -1.472089129877156013e-05 -1.372119115084688164e-05 -5.524006849534010792e-06 -2.128457291586934930e-05 3.503235652507137603e-06 2.727657950498852308e-06 -9.806969917898908116e-06 2.409096442263051538e-06 -1.316720444503009830e-05 -5.711251307080825083e-06 2.011616600975388943e-06 2.151592547540156846e-05 7.947266369888344011e-06 2.538315863849812442e-06 -1.137145943591842916e-05 -2.489670497665985672e-07 3.443210811054640676e-06 4.651175793165946673e-06 -8.669732606709478279e-06 1.838172568201586779e-05 -5.859692086121629987e-06 5.915757687425588000e-06 -8.973604911128971426e-06 -5.372403871497635851e-06 3.396614072925729450e-05 -1.432996884430954742e-05 -2.789062559063734667e-05 5.562352215965440824e-06 2.705306236734502255e-05 -8.597432956331150662e-06 1.141141209719034934e-05 -2.526592756065246506e-05 3.477286490270289541e-06 -6.384861176282576376e-06 -8.244613990078605446e-06 1.498928947889999151e-06 -2.065679351876523386e-06 3.984874206050127818e-06 3.380326712644420098e-06 2.113224963605747197e-05 -5.496730005739569591e-06 -2.118822460056490844e-06 -1.277374446948592040e-05 -2.520445976485417681e-05 1.126404051479798240e-05 -2.514236565471672388e-06 7.365878746647215171e-06 4.361845158178556256e-06 1.380865469508748930e-05 -1.248788900733524711e-05 5.304927448656097597e-06 7.959540416805797533e-06 -1.878196045272868977e-05 -8.815237076428659793e-06 6.793184133715133364e-06 -2.605755618833387505e-05 9.427075943955278252e-06
3.915005050385162927e-06 -1.035093364257693376e-06 1.712584222900505147e-06 -1.443240175756740027e-06 2.074348509824734680e-06 1.733982554812895898e-06 6.443179482180196408e-06 2.900807653431707232e-06 -9.419684395419010293e-06 -1.173208737765960587e-05 9.655324547858153551e-06 8.510654807513716251e-05 -2.423748513025526913e-06 -1.264199112600008347e-05 4.729094629820432791e-06 9.190721472527274104e-07 3.441557493911270734e-06 -1.130456109696800159e-06 3.024824453849187279e-06 -1.963809006954362187e-06 -7.747368236883833256e-06 -1.620431274640370382e-06 5.365853327163024561e-06 9.008237109322529855e-07 3.012498515155840267e-06 -1.738193271965564087e-08 6.797386456397978771e-06 9.353320159067648128e-06 5.531114430653635748e-07 -2.251199930983097545e-05 5.410205420413258971e-06 -2.115270108065426819e-05 2.517350244106959255e-06 7.592389480553184823e-06 5.611732237399502176e-06 -1.700688636319157973e-05 -2.045436490889863542e-06 6.990292838779085102e-06 3.328615098974727945e-06 2.283080652269737213e-05 -4.170319015095490005e-06 7.354072756088091730e-06 -4.456885561308027005e-06 8.601533504802382586e-06 -2.660990336301106351e-06 1.689432759693311936e-05 -3.110983259082933305e-06 -1.429368140493763067e-05 9.624569411909880500e-06 -8.121065500415881161e-06 6.963209733270329226e-07 1.205610405697273429e-05 1.898811567253028078e-06 2.049226991029682977e-06 -1.103791356646746319e-05 2.170499519276779138e-05 1.719060831549335856e-05 -1.627169772769042069e-06 3.172474086612651655e-06 -5.134271268795888757e-06 3.958128862018710258e-06 -1.580809687949789963e-06 9.771447423763019059e-06 -3.389829690663373388e-06 -1.022447563895350842e-05 4.367088885218127815e-07 -7.449240120909772285e-06 1.403154200084169932e-05 -4.031914348431619455e-06 1.381480607154163899e-06 -2.183799453904599448e-05 1.211152104683536031e-05 2.196153312422013964e-05 1.120056219496015064e-05 -8.242563525516885981e-06 -5.074905294205188902e-06 -7.929004107631835324e-06 -2.740678013430177587e-06 2.789459335359338602e-06 1.013008680383863069e-05 1.641331234002281687e-05 2.276382760442752657e-05 -1.589289055317948528e-05 2.705107985697703795e-06
-1.911017872407020962e-05 -1.444776880946930603e-05 3.165194270504491937e-06 7.597702969949235714e-07 1.162127420893840202e-06 -6.377513126115650385e-06 4.084185256164112305e-06 1.526788496579105546e-06 -2.373167047423398732e-06 -9.835349165030380561e-07 -1.357041199877346160e-05 -2.423748513025526913e-06 9.164201534883246276e-05 3.662750993064690448e-07 -1.874565980607319893e-05 2.028318641843694248e-06 3.968093683367254240e-06 -1.540946245488101758e-06 -1.887401809493832938e-06 -1.836988521548382810e-06 2.393102252291957564e-06 -1.655018375401387620e-06 -5.666944327952100899e-06 5.390548497799995883e-06 1.950654111408168636e-05 -3.647532702811423741e-06 -2.838650743821993476e-05 -1.568327996446014218e-05 2.044485983261479906e-05 -4.995248985761961375e-06 -2.410161924615196927e-07 5.474338634757488440e-06 3.913979708341744553e-06 -5.716904600380573614e-06 -3.242814153590260086e-06 -3.362808315339067292e-06 -4.225142252938419289e-06 3.503704926411108595e-06 -7.489089823443988454e-06 -8.250588221807907420e-06 1.658416833416710020e-05 -2.507270509301367306e-06 -1.513354409112240049e-05 1.030431363751230838e-06 5.585032846642855474e-06 -2.040936448044881703e-05 -1.354564462150907478e-05 -7.475392192341472103e-06 1.305168816792865545e-05 -1.578234286720958817e-07 1.239089928782799830e-05 1.581695742768012529e-05 4.191755386501838209e-06 4.226132976542641928e-05 -3.546258085491109250e-05 -1.207820695402803876e-05 2.993668653454793936e-06 -4.679147871279910852e-06 1.475779898384527767e-05 -6.096122144321816435e-06 1.500338819971603493e-06 1.389094341561399756e-06 6.152013497534558121e-06 -2.426063188347989753e-06 2.249749417909957584e-06 -1.224901709146774622e-05 -1.093577209249750688e-05 -9.164882233571528012e-07 1.741193716337234332e-05 1.101513404549993191e-05 1.089015186740596376e-05 -1.202562555767060749e-07 -8.147047492066142262e-06 -1.699787679787124277e-05 8.623712656476664694e-06 8.634389050990985093e-06 7.826817211776933384e-06 -2.248462705254938994e-06 2.678179957195661402e-07 6.232730373029251876e-06 -3.871292205457208999e-06 -1.641550942849321934e-05 1.372017159957780304e-05 -3.063220224710908914e-05
1.406271723687625675e-05 -9.800112799268329808e-06 -1.261533433179663985e-05 9.922321700023197061e-06 4.550826015128029603e-06 -1.274230666121585733e-06 -6.077244898739486069e-06 -2.399721381446277232e-07 5.131415446737239720e-06 1.466141968245972879e-06 -1.876918197357038600e-06 -1.264199112600008347e-05 3.662750993064690448e-07 9.661211872733761568e-05 -3.851519130023109634e-06 -2.251492867197736307e-05 -8.476310103527982073e-07 -1.797780195003516048e-06 -6.248491890111482867e-07 -2.955631897265407189e-07 -1.615116110665723636e-06 7.550062832162932499e-06 1.088897081078181061e-05 -7.551307854369446049e-06 -8.115087319723864064e-06 9.704514333512714348e-06 1.802616841783286503e-05 -9.589144302602745467e-06 1.536699316465250990e-05 -1.420212800987446856e-05 -9.895425440549213738e-06 8.281143380048584568e-06 -8.265328382979809726e-06 -8.839796483055158466e-06 -4.229244889851866737e-06 1.988069570533609597e-06 1.960011046657350423e-06 -1.934776226556848900e-05 -3.468845856220374301e-06 -3.110791594737618879e-06 -2.406662601796822042e-06 5.082978247719486566e-06 -1.959375985521518351e-07 -1.008014233161877598e-05 1.028445397682791486e-05 2.837697871564544030e-06 2.503944905039372736e-05 -3.364763743071597660e-05 7.038140169269037915e-06 8.145579302438222741e-06 3.557030057023996520e-06 -3.560240257912717520e-05 -1.677870123877384730e-07 1.450592098976441855e-05 -3.609792828651885418e-06 -4.838755390181119351e-05 -6.288237167078209972e-06 -1.097540049223938048e-05 -1.030558075061270372e-05 2.927051875819875715e-06 4.358796675532228490e-06 4.955288362338142903e-06 3.659880432107589760e-06 -4.625153514222562065e-06 9.616324688204109031e-06 1.124006291901255898e-05 3.296228396127452599e-06 1.745637777454106846e-06 6.177351276481779846e-06 1.256119588335361731e-05 1.862130663410671011e-05 -2.279172539549412233e-05 4.768834470720634326e-06 1.817078320200900862e-05 -2.423736311653507564e-05 -2.714373020123330804e-05 1.406776269563546625e-05 -5.989452280720668026e-06 -1.230906695552676397e-05 -1.483612569396162216e-05 5.887307412526151181e-06 -1.727649729568248973e-05 -1.476585502149942815e-05 2.920011697090897361e-05
7.541060946100221038e-06 -1.724102661664409970e-05 2.084348082560565291e-05 -1.035693304652174574e-05 -4.021478506595920834e-06 -2.712217994751127958e-06 -4.628928245447489754e-06 -2.787145442523722009e-06 4.106388358108103948e-06 -6.779422726189589170e-06 4.222879843503646411e-07 4.729094629820432791e-06 -1.874565980607319893e-05 -3.851519130023109634e-06 1.080127450056018014e-04 -1.260298904931242710e-06 -7.665006021099260420e-06 -2.497548408039021924e-07 1.170711614021423644e-05 1.673194103261942845e-06 -1.838491416099437905e-05 2.761556935888963208e-07 -1.018409986620922241e-06 -1.443385756501607426e-06 -1.587090278510279020e-05 -7.434772527278041454e-06 6.747893727294908095e-06 -9.238213361994417096e-06 -6.493212073827125982e-06 -4.504201853460446956e-06 2.942207904128048946e-05 -1.540710964096953813e-05 -5.014814701698911981e-06 -9.110562103929412752e-06 3.520678887662187154e-07 -4.297203099127978774e-07 -8.882039986364243477e-06 5.426623990431373390e-06 2.083267011573895635e-06 4.707559975286332510e-06 -1.660983436401823103e-05 1.554579477703665143e-05 3.975424074189156987e-05 -1.859230549498850236e-05 -1.034951382851545719e-05 2.230895931947841237e-05 -9.221843748340847156e-06 -5.721128877160255021e-06 -7.440750876065203830e-06 -1.783421705684251350e-05 -4.754599376638690917e-05 -2.268025324691933859e-05 -8.241633244910585721e-06 -1.169422293057323606e-05 1.978319041502617779e-05 2.702102580494484253e-06 -2.372291635737175286e-06 -1.424666561474006994e-05 3.337472678275287924e-05 -2.333087897922365373e-05 3.436379733294675882e-06 -6.127374849394855117e-06 -2.761012342004360947e-06 9.177016652755677295e-06 -3.096610274259931039e-06 -2.437289525021101238e-06 1.184103150831421635e-05 -1.058446735060083984e-06 -1.337357820446927264e-05 1.443325798374512736e-05 2.042690840592681914e-05 5.077939188059664551e-07 1.029374135300546431e-07 2.145460304175518141e-05 -5.228037903139138421e-06 -5.829533905637006370e-06 -1.826390916963337171e-05 -2.072387082993477526e-05 1.015617135212069341e-05 1.012226263493779870e-06 -4.063461663716686953e-06 -2.875625855724295169e-05 -6.223156478060898145e-06 3.047173081031005445e-05
-2.747581921106345031e-05 1.399713446730016389e-05 3.599075557008510287e-06 -1.850443187909918877e-05 -5.579279200828250023e-06 -1.499015241253297327e-05 -3.926405152413662365e-06 3.053090058858207617e-06 -1.655310262290147339e-06 -6.537941817210468290e-06 -2.693875495018803174e-06 9.190721472527274104e-07 2.028318641843694248e-06 -2.251492867197736307e-05 -1.260298904931242710e-06 1.368107186173441923e-04 -5.162954449155091512e-06 -2.243031413118699174e-05 -1.806454146181151003e-06 4.945778095736785672e-06 -1.904380710478775254e-06 -4.764683371408320086e-06 -8.127419003819774478e-06 -2.429356034650858373e-06 1.074851346720076748e-05 -2.427299772483910615e-07 -6.103185089853057766e-06 2.300108682503438769e-05 -1.000927230990162619e-05 3.023568330788695504e-05 7.463893324503916571e-06 -3.499582496534567609e-05 1.021875185927304813e-05 -1.159950164763898663e-05 2.654943789825781006e-06 -3.113668234497099398e-07 -3.226146379302171500e-06 1.600401637376923170e-06 -1.214582303922420122e-05 1.724526119613275943e-06 6.388834919546752850e-06 -5.004283950293494484e-06 9.244704670356164626e-06 1.853161810373213703e-05 9.115788070327456330e-07 -8.941312497289109461e-06 -2.108869091720086812e-05 2.599900189044389301e-05 -9.071564601332581893e-07 -4.115838624829668745e-05 3.009362950876717728e-05 -4.019177298246121022e-05 3.539848316630688608e-05 4.437776890125939990e-05 -1.322943003751955935e-05 -1.933518402488606554e-05 -1.600619673584744362e-05 3.066895745288871291e-05 -4.129802917983753523e-06 -1.354358059262789803e-05 8.037392755028396345e-06 -8.026255389361806295e-06 -8.513255525260945235e-06 -3.898076053157427695e-07 7.805619313076500132e-06 2.688764481204860635e-06 -1.206044147960657129e-05 -3.939493351690990268e-06 -5.201507218397747840e-06 1.232652587845940072e-05 1.050073608730693789e-05 1.756562132557638577e-05 1.566731938151519573e-06 -2.986517357688917265e-05 -1.971112628308600666e-05 -1.488674116404168244e-05 1.715548043975253392e-05 -9.227129799090146671e-06 -7.867489026726073528e-06 -2.620502554462755586e-06 -7.289749571882285390e-08 3.774282115223575234e-05 2.156955494116951760e-05 2.360678348832174727e-05
2.753366870934107329e-05 -1.060876700862457133e-05 2.220894558657275528e-05 8.915937660388849399e-06 -3.071683331729116167e-07 -1.131397811365969988e-07 1.440666926702284455e-06 -2.514580692382348003e-06 -7.876014957846332878e-06 1.118929552406862325e-05 -5.343680879940411516e-06 3.441557493911270734e-06 3.968093683367254240e-06 -8.476310103527982073e-07 -7.665006021099260420e-06 -5.162954449155091512e-06 1.107423466984150715e-04 -3.055318138779268763e-06 -2.262871089384639798e-05 9.957858446213924331e-07 2.845691186675983247e-06 -5.276374254301241329e-07 -1.324117974457685036e-05 -9.531405917289992205e-07 1.656545164844109070e-05 -1.062589231158614758e-05 5.534509505278707062e-06 5.856884196367201111e-06 2.711811068908561020e-05 -2.348408814195983004e-05 3.212169642413870082e-05 -5.493183507682350024e-06 -1.160862000753941891e-05 1.211364812233081022e-06 4.551508508025406447e-07 1.007272352234188338e-05 -8.383260693553464338e-06 -1.756206877348066332e-05 4.843329176592364685e-06 6.834364869947842244e-06 -4.582763341875330080e-06 1.219088458748036819e-05 3.873874358818063393e-06 -1.578685988676056863e-05 2.258759348055479262e-05 1.567838518388533136e-05 -5.168503623841760861e-06 -2.025296749298992669e-05 2.623217995924131037e-06 -1.214398083749925557e-05 1.168680713726742738e-05 -5.454179215778882269e-06 -4.676029359940362513e-05 -3.511587727626723347e-05 1.541357857855282126e-05 -4.708206799801288800e-06 2.651696049392215812e-05 -1.036408631245154301e-05 3.172460142641252725e-05 7.214933868193629809e-06 -1.403041497463949109e-05 8.260232241072046591e-06 7.057914016305650811e-06 -2.825860114255168533e-06 -8.351764143699142977e-06 1.093633570452296337e-06 4.709316012044907799e-07 1.067784824215896177e-05 9.027442649691171874e-07 1.352587867008172289e-06 2.709751890625671021e-05 -1.125820340410642557e-05 8.688366783887288189e-06 -4.464337133726164411e-06 -2.307240889807962304e-05 7.666388815973928400e-06 1.153425115776546834e-05 1.527959352227401622e-05 -7.156986313197470536e-06 -1.976665913982739205e-05 9.341132238650720005e-06 3.201823432408153192e-05 1.224969882577168352e-05 -1.917981920740819497e-05
-5.248957792279785408e-06 1.068589769854806881e-05 -6.038709933025904619e-06 3.093059789786005041e-05 -5.130977563627673978e-06 9.647296132630465992e-06 4.418381574477752617e-08 -1.267755536343919329e-06 5.866351006806603013e-06 -6.605689598847412296e-06 -3.075924926994531512e-06 -1.130456109696800159e-06 -1.540946245488101758e-06 -1.797780195003516048e-06 -2.497548408039021924e-07 -2.243031413118699174e-05 -3.055318138779268763e-06 1.405535587318854595e-04 -2.827270488947597895e-06 -4.157107747230709898e-05 6.350536250561541773e-06 -4.388009444837409082e-06 -4.733612866908451902e-06 1.388602182619833350e-05 2.169962249852693477e-05 -4.231116729849672346e-06 4.996473204604082863e-06 -5.785366146005818619e-06 -3.192057370298008012e-05 1.413111140653124698e-06 -6.861748950964745744e-06 2.366010737604510824e-05 -1.475130828914482274e-05 5.623574538047909455e-06 -1.526816524977313804e-05 1.255627207147990131e-05 -9.084120614237283160e-06 2.324150065279771571e-05 2.500348963076888849e-06 1.291869045909665820e-05 -5.319909924266072198e-06 -1.612394445335771568e-05 1.622209792780562984e-05 1.924549862798453689e-05 -4.162440991695344901e-06 1.415627521371726334e-05 2.417975042556656952e-05 2.190647872069739454e-05 6.754382471790824389e-06 2.580021723489798829e-05 -1.102923770999681685e-05 -6.861443367036307585e-06 3.040478147484823422e-05 1.093161429730618140e-05 5.014729251815907478e-05 4.632611508505864851e-07 -1.457751628350180992e-05 3.300311225343187615e-06 3.651313078998760151e-06 1.425684460278734363e-05 -8.513304214201406348e-06 -2.820240511124278587e-06 -6.351950880386990753e-06 1.560411462883705018e-06 -6.623234415357276350e-06 3.895596251619110438e-06 7.311104407567749852e-06 4.308816973272543747e-07 1.067287683865122854e-06 4.321723208974994181e-06 1.800744084743354852e-06 4.569660853803824773e-06 8.935490201793814467e-06 2.970272420336827218e-05 1.639481056713781314e-05 -5.524998501350592022e-06 -1.385496470690694019e-05 2.484296081117083239e-05 2.171367446998608757e-05 3.216913018873563611e-05 -7.593404399721476807e-06 -1.846396744070661204e-05 -2.082319092985505983e-05 -9.059625710098331979e-06
